1.622738455454832418e-01
5.790875022638063419e-01
6.637929923656823439e-01
4.441350505814655181e-01
5.582135927432076983e-01
4.772207520378231038e-01
6.870060636713245517e-01
7.998381904788378627e-01
8.988826606055303481e-01
1.068764495463699671e+00
1.113720570504384444e+00
1.029514145870126463e+00
-6.647004321250387093e-01
-8.990609883538647207e-01
-2.331753491269774603e-01
-9.444253775927031747e-01
-4.134808754134212672e-01
-1.163003959731589543e+00
-4.051448103929150557e-01
3.788161399341827829e-01
3.923014919790133170e-01
1.338997120158786913e-01
5.092205305874309973e-01
-5.299623975692666772e-02
-1.994559765554642983e+00
-1.755074452032602483e+00
3.780481761705579147e-01
9.789276035192558956e-01
1.054222080087179769e+00
4.429517408086310892e-01
2.555179796324087982e-01
-3.840824726945688550e-01
-4.457321024789249186e-01
-4.792634448273015990e-01
3.096536092078860936e-01
6.992395360586391995e-01
5.484443062500792276e-01
3.800120944658154643e-01
8.092810142787618122e-02
-7.284621721768624880e-01
6.205541830415028937e-02
-4.199984661292685550e-01
1.778060339034126525e-02
4.578675287814740757e-01
4.756432939299085616e-01
6.352825551756485778e-01
7.495465099689639921e-01
6.666218445497339440e-01
8.089957011090943562e-01
6.000316931493719919e-01
2.703940281887601271e-01
3.585616938266951714e-01
1.687567732664554399e-01
-2.559176738421609087e-01
-1.419236011817419374e-01
-7.339091192612016978e-02
-9.174230370944363999e-03
-5.786983000546395139e-01
-4.492492074537757230e-01
-2.982474873999096943e-01
4.003494331518075988e-01
-1.413546676813852987e-01
-3.437587381436051359e-01
6.386198007846579650e-01
8.308819878283778548e-01
6.671342101146576775e-01
6.421320791804516759e-01
4.271949327523247852e-01
4.336858724558847467e-01
1.542932088716556516e-01
6.193181776432059582e-01
1.540032361298473984e-01
-8.165809114797677459e-01
-4.110561935087740926e-01
-3.284865483433930811e-01
-5.215908029847147326e-02
-4.838710917857429461e-01
-2.630116624985007201e-01
1.285456457343561176e-01
2.758006284914821249e-03
2.525560888665924764e-01
-1.511244100808811774e-02
4.249167224390557607e-01
1.084191484791868221e-01
7.044533366049924306e-01
8.909237630250671502e-01
9.243871481499413845e-01
7.170498969030986158e-01
9.656734549030311365e-01
9.047821153360670055e-01
9.585896711782139201e-01
9.239681601472650163e-01
9.330209243037718148e-01
3.372037952249273829e-01
5.725730740460480694e-01
4.642875576070355503e-01
5.385801700525850721e-01
-3.158744166684452903e-01
6.145635497741361863e-01
2.721059677645218389e-01
8.691772228839720338e-01
8.756040493534049673e-01
6.594274672565909601e-01
8.901927980756266789e-01
9.668136565742925237e-01
1.935089994858301132e-01
-1.343901527855658529e+00
-1.205190578011964497e+00
3.076161167340141223e-01
4.315878728264508357e-01
-3.520495749211972614e-01
1.023300613090635525e-01
-2.060407015967555266e-01
-1.450666117600309946e+00
-2.805022589533170407e-01
2.790265886944193752e-01
-2.598781315352736154e-01
4.441376849570481955e-01
4.596250541994313377e-01
6.450849815418001620e-01
7.537843897327888287e-01
9.296718994517513268e-01
-8.325422298495656070e-01
-2.042503818221548528e-01
2.257463107685537262e-01
5.322305920859566886e-01
9.479203902746510257e-01
5.050941537143117666e-01
3.002868573132398966e-01
3.725964391388507102e-01
5.268551089351911632e-01
8.625617605391813214e-01
9.058577835737352535e-01
8.067156628976855925e-01
6.276643393860018572e-01
-1.251462138572716043e+00
-3.471882033462796446e-01
-1.667803528403744462e+00
-1.767130022026594638e+00
-7.394370546399762212e-01
3.614987261966292609e-01
1.402520855645042475e-01
1.769771170012797712e-01
3.441296072285458529e-01
8.705268672503460037e-01
8.043781674822632066e-01
5.084527569058494567e-01
6.803242209895176140e-01
-1.917560349752212567e-01
5.355006774724840879e-01
9.523812039272182561e-01
9.092725651032068646e-01
1.120004354850472783e+00
7.611713644877612372e-01
9.118079738412615542e-01
9.411319468799975718e-01
5.015840638304291943e-01
4.677843751736587841e-01
8.698807761124026650e-01
9.302233709984401022e-01
5.697054624498979480e-01
4.453424373612685505e-01
5.277321635857989968e-01
6.676567529768722142e-01
5.439564731021223620e-01
6.640578656451908701e-01
5.152976481416837728e-01
4.208383292787830632e-01
3.406368791579817978e-01
-4.299836525809473675e-02
-4.089098374555164006e-02
2.254897283996364910e-01
4.508767904991821673e-01
6.387882780602788246e-03
3.256330246078373292e-01
4.417642599646308676e-01
4.319306557636599653e-01
2.272790931713845608e-01
3.838123317265720313e-01
5.918864023707679500e-01
1.833199453497137976e-01
8.911738508725691732e-01
9.145398191078041306e-01
6.951452368418610250e-01
7.165558397860274376e-01
-1.767685394808143906e-02
2.828770587846009543e-01
4.874335813240593396e-01
4.761499631687818868e-01
7.011971898157202121e-01
7.713419774549015173e-01
1.117872211538894156e+00
9.868399636112014095e-01
1.057988539992509303e+00
8.907183793861918053e-01
8.845261211037453997e-01
9.768401524799236180e-01
1.064950899814508745e+00
-4.870221283811719259e-01
-7.836838652626687551e-01
-7.780301648701745121e-01
1.011044773659784957e-01
7.549212452969852327e-01
6.319690448155069751e-01
6.685678291368131188e-01
3.775313951404654089e-01
-7.459643277108421455e-03
2.931565902881188568e-01
7.664568730506912120e-01
4.990612925617471385e-01
3.291947385365704415e-01
5.930891167447063239e-01
3.863550201583193511e-01
2.914025322025244336e-01
-7.022494701238302106e-02
4.306500847298901924e-01
2.216328736896895912e-01
4.668153524990893422e-01
7.784972647920148647e-01
3.591340328820076255e-01
4.643890548167739496e-01
6.330396344256417063e-01
1.062993364534744689e+00
1.063665603562963025e+00
1.205254858179761968e+00
1.486371388850394215e+00
1.188621592284554662e+00
1.045154017590541162e+00
8.397470355421324806e-01
4.691535272785815058e-01
4.298270343808747729e-01
7.347409308727107513e-01
8.248609449243461400e-01
9.138306142814066613e-01
7.894716239414363290e-01
7.184070283578719573e-01
5.961051224368418833e-01
3.739975289222873256e-01
4.790631444955358864e-01
1.066673882511544491e+00
9.562113060842344359e-01
8.317309315268222036e-01
8.449437831196151549e-01
7.500264151238711374e-01
7.860305318098513849e-01
9.488348458272349850e-01
5.810419658723444680e-01
9.205299480162257852e-01
1.023641825513191606e+00
1.026516915085107229e+00
1.069507516379627710e+00
8.960282594324803229e-01
7.462839861905460337e-01
9.449264333532828575e-01
1.279862211067177569e+00
1.247249199474441017e+00
1.012654557752743933e+00
9.487834751582634452e-01
1.136383240360804070e+00
1.073211528798234671e+00
1.047464394482740868e+00
6.585959485070586039e-01
1.010859788022645311e+00
1.150245528864054734e+00
6.472193995868225080e-01
8.046608623016605621e-01
6.638579156630386446e-01
8.129058154543019610e-01
8.504321226575787263e-01
8.158498232226841784e-01
6.633826959636023313e-01
3.187626226801753004e-01
6.650793451406432633e-01
8.661403439535277915e-01
9.748626984770206727e-01
1.354108252778639887e+00
1.092894202160975770e+00
1.288020009346558137e+00
5.513056879341965422e-01
6.818405569971909275e-01
1.209702662253346439e+00
4.254594546837116020e-01
5.401655774002451782e-01
7.819402660125184257e-01
8.916594966974228376e-01
6.908353028315101785e-01
5.017451378457122857e-01
7.601089709294975849e-01
5.573102373940719279e-01
-4.376306604300044811e-01
1.147367837968066850e-01
3.125251297354582625e-01
7.502175343343072678e-01
7.013881245520819929e-01
7.927648200719895621e-01
7.040019854833506896e-01
6.861741808464953962e-01
1.007455491626788602e-01
8.443585905959679616e-01
8.942302732032584300e-01
9.655140005056735975e-01
-5.218745487545268791e-01
2.827541318535622406e-01
6.101820255973079421e-01
6.518748003260080859e-01
8.913535592681877118e-01
1.078025002843291169e+00
9.942122490655683764e-01
-3.371658016225554944e-01
-7.917611310043471962e-01
2.147995467326996866e-01
-8.607424943783880122e-01
3.068678809550811626e-01
1.306212423351500174e-01
-5.555244055496876276e-01
4.582541125995529541e-01
6.785075789030658999e-01
5.426719513110851434e-01
-2.641219885128938127e-01
-1.586775400508765532e+00
-1.561790120013447414e+00
-7.553123689736483959e-01
-1.274755477969270245e+00
7.645192706863021548e-03
-6.180521144129393907e-01
2.778201664108532754e-01
4.209853476103512238e-01
5.307341001647859491e-01
8.046017679325653260e-01
4.063424509072652846e-01
-9.729329590152024920e-01
-8.479612822308666420e-01
-2.288211572719418552e+00
3.703843076700156223e-01
1.052303716954972934e+00
1.435045180781925556e+00
1.605154472744234617e+00
3.752317556369868523e-01
3.127835649104436233e-01
6.861624376029153982e-01
2.979855879141854458e-01
-2.563532610679655210e-01
-5.098872095621269362e-02
-2.254903623822571923e+00
-1.575362283390632001e+00
-4.356561615956744959e-01
9.800926555348118963e-02
-8.542089635425689775e-02
-4.629058193919065034e-01
2.399224702082907723e-01
-2.363341250463629084e+00
-7.404615445365617665e-01
-1.223577312712052390e+00
-2.109884415085043319e+00
-5.123946317980505594e-01
-1.051799212010304796e-01
-5.804086904608291020e-03
-1.396334619082261863e+00
-3.498337844436799626e-01
2.443234016002827635e-01
4.210449374778978404e-01
4.366232248068737665e-01
4.786066666191338692e-01
1.239716225288851892e-01
4.061482763852846123e-01
7.237579173058289461e-01
8.568606024414585631e-01
8.591459128576418580e-01
-1.170361372749086470e+00
-1.249396523575941220e+00
-1.239930953917048606e-01
4.362300525084620295e-01
3.617575484297443356e-01
4.225973872532984288e-02
9.981059024819763370e-02
-3.522555425125685202e-01
-4.928925957707834815e-01
-1.633456816195046013e+00
-1.304629155463346013e+00
-9.759964193906710550e-01
-1.921268371938693598e-01
2.346209251976261734e-01
-1.620072186120569580e+00
1.610015049273146870e-01
-1.039081676903371498e+00
-1.158897838075615638e+00
-5.529110548926816776e-02
4.437572310119615171e-01
4.791635646382602642e-01
-3.475889205337108212e-01
-1.486216050040205960e+00
1.451945536716103824e-02
4.168082914032156250e-01
4.142779814110162384e-01
-1.259427899340904045e+00
-8.224952997406811406e-01
4.189693326205199408e-01
7.661827638993689016e-01
-4.598666285881850002e-01
3.168592093179785074e-01
8.353620427835933837e-01
-2.078897507882635054e+00
-2.190777212017387399e+00
7.282585665453639168e-02
1.285390079736377089e+00
1.509649862928274633e+00
8.952216764569377316e-01
1.269848783033189932e+00
1.617359836433436726e+00
-9.395569600912976327e-01
-1.334173581487673843e+00
-2.946274591002865373e-01
-2.262885326782314355e+00
-1.768436492072170019e+00
-2.846166082195038083e+00
-9.805190933611985793e-01
-1.301680678310571437e+00
-1.918501406041161483e-01
3.328387866022058383e-01
1.655205060281570439e-01
-7.576481947992887156e-02
7.152497206321232204e-01
4.919416830651940353e-01
-3.899805441059906452e-01
3.098758703485126609e-01
-8.142339057376106748e-01
-1.196576545477233466e+00
-3.100191764478710810e-01
-1.231165702754463798e+00
-1.527795989671084431e+00
-2.583046792308710149e+00
-2.083288174070442089e+00
-2.012514825762308224e+00
-8.867015411971926886e-01
-4.952422793248059119e-01
-3.264149075498291586e-01
5.356859983950881254e-01
4.202745413427115828e-01
5.897251517227752871e-01
7.587877098349873339e-01
8.750524122758663870e-01
-6.592794866599333004e-03
4.752792185032551631e-01
6.019050420836575821e-01
6.096898166576992795e-01
-2.577732540159810570e-01
2.431118676618829189e-02
5.805948258539359585e-01
4.191127179144021886e-01
9.168853745212542927e-01
-1.724447217682748001e-02
-1.893942332310844523e-01
-2.893537284560437350e-01
2.846340019117408193e-01
-2.712727484116678744e-01
-4.102397193657998931e-01
2.893933930380641617e-01
-4.606400371602967780e-01
-1.138445174091574863e+00
-4.000689486481989743e-02
7.750678283506379218e-01
1.437369500116737697e+00
1.542450020265423216e+00
9.349938561532283865e-01
1.154763630330147173e+00
6.326030085448430818e-01
1.268166252814651340e+00
8.755882451101928421e-01
3.207510581966044327e-01
6.443838086043685021e-01
1.370397896225412637e+00
1.452206731819858820e+00
1.323240738578042031e+00
1.695024496925290780e+00
1.789551566548423178e+00
1.654812070793009848e+00
1.461340293011155200e+00
1.686813245126170813e+00
1.596379689364036292e+00
1.557182772896040568e+00
1.224490299376495006e+00
1.006522475746485679e+00
7.674795210853964100e-01
9.314360798443829248e-01
1.869298165214926533e-01
7.188025711535078743e-02
4.613803907007625327e-01
2.095003596799545620e-01
6.841270658372797797e-01
1.006599485046884901e+00
9.378388320961511537e-01
1.051146398634899004e+00
1.211388472258008164e+00
5.822800491902664355e-01
1.189832468443894342e+00
1.304490889107826401e+00
1.115403034086729139e+00
1.131592800246508546e+00
1.275691060972206081e+00
5.518962828782386643e-01
1.408480707810873866e+00
1.184839580002864601e+00
1.407770321131362579e+00
1.162343293923397525e+00
1.259120508269969019e+00
1.042994004926765861e+00
1.212028232403667083e+00
1.642974707318745509e+00
1.675990843299159483e+00
1.493646102905458850e+00
1.790632093065398056e+00
1.613910943243929808e+00
1.799512531037307461e+00
1.347563628312439032e+00
1.619690548788958129e+00
1.656332098245352213e+00
7.529139546219624224e-01
1.502471059270631848e+00
1.479969685749027430e+00
1.327468568119443582e+00
1.363562155953003341e+00
1.515190076658410323e+00
1.413247944162451919e+00
1.356495720491071033e+00
1.367589193061114372e+00
1.417780966544829990e+00
3.073948908949291070e-01
5.193194837471292180e-01
7.500955949445650139e-01
1.020558229722898336e+00
1.036646093729241880e+00
1.352644652505389455e+00
1.385140042862869958e+00
1.365943018497962402e+00
1.642034950534085880e+00
1.800385738712888095e+00
1.783402611390246140e+00
1.512454546773665864e+00
1.628858695341159901e+00
1.065958343836554523e+00
1.335934330846726414e+00
1.481983306724166560e+00
1.151968773691387948e+00
5.951412487566707377e-01
4.620547226068503210e-01
6.053155555130091958e-01
5.015667584334367879e-01
7.578820999134434633e-01
5.119147668406872631e-01
7.283868449768574616e-01
6.873514451467778175e-01
8.585114757379017636e-01
1.132994338328831230e+00
1.450233807089600813e+00
1.198684223517710645e+00
7.348755149672581144e-01
6.502102636467490537e-01
-4.356530237409987349e-01
1.832323807810433136e-01
6.402444552712790449e-01
1.008134281290069101e+00
8.577289075128347040e-01
9.146138236033999336e-01
7.141216342536914619e-01
7.923201833173183495e-01
6.614259893913028154e-01
7.833226003964867123e-01
1.031498030481136308e+00
1.160258553281208638e+00
1.475398132453813904e+00
1.549269612599932788e+00
1.043981692133989281e+00
1.117067538749816347e+00
9.086243419470713123e-01
2.676479239814406608e-01
-3.805985945665565917e-01
-6.718081736380891733e-02
-1.832617906074403002e-01
-1.985950761625819294e-01
4.603656157077544719e-01
1.075197049658841664e+00
9.460654986770199448e-01
9.368135608514766011e-01
7.132834881307965613e-01
5.069265486746276084e-01
7.755382133703050407e-01
7.712914151755819736e-01
8.346478114558949502e-01
9.182502086867306845e-01
7.187535137306572119e-01
-1.473903651141650339e-01
1.342905987130023349e-01
4.356722870956286631e-01
8.177128281139843802e-01
-1.340734587539325617e-01
5.675468551263157524e-01
1.026523624671817014e+00
1.546273312398144029e+00
1.779029098291083244e+00
1.715626200964536885e+00
1.020166915560881460e+00
1.152919408104376320e+00
-1.180613620102067413e-01
7.005433334550095203e-01
1.187064821603811104e+00
1.674614020276496418e-01
5.736045082402942974e-01
1.194353291632451519e+00
6.601389589699266369e-02
1.037005393459179692e-02
1.286172813185216146e+00
1.530506430110538663e-01
4.397071264501382082e-01
1.193809938414628125e+00
1.798806426976553574e+00
1.858326945096304694e+00
1.103956711450753136e+00
1.313861393218644924e+00
1.095782950980515924e+00
1.100934028592531533e+00
3.435180165182785683e-01
4.842247668129844307e-01
7.273661635741152098e-01
7.788353440862600952e-01
1.261281748280265624e+00
1.624258175146841676e+00
1.591972958988749465e+00
1.441445128431408484e+00
1.646063240708573350e+00
1.252118914434911190e+00
1.553490503988177895e+00
1.604614752936023070e+00
1.246944920561981363e+00
1.092185406806754244e+00
1.171864079997983143e+00
1.508161724063081799e+00
4.131772055625130280e-01
2.743708045275717322e-01
2.646143004024985035e-01
2.090015891151549843e-01
6.538807055434380233e-01
-3.921284582743538027e-02
7.711066758062828930e-01
1.173806903390619105e+00
1.162077193185562685e+00
9.515017533354700463e-01
6.998057566404110030e-01
7.645903853813778017e-01
1.227176689231423978e+00
6.038275441385476672e-01
2.351216076523542364e-01
8.960182874996814872e-01
5.468899450820908781e-01
3.680234334404425822e-01
1.070186647816785186e+00
6.377946398043302656e-01
8.172136209594320633e-01
9.733665294383483380e-01
9.818551632166679921e-01
7.464241443210277716e-01
7.538556952449779747e-01
8.246612581237123818e-01
1.033003235875567860e+00
1.648717369315720660e+00
1.780216176315942533e+00
1.796030536029809443e+00
1.227813694437056569e+00
-5.321341178405481626e-02
-1.026856949588159096e-02
8.755609716291479216e-02
2.794900923071871879e-01
5.641754964501818903e-02
4.531552035852380866e-01
7.873081555578370638e-01
4.966526624455966932e-01
3.943031927870034314e-01
6.438378035055943860e-01
7.248262679252779339e-01
4.857332485861002302e-01
9.979143123859025577e-01
6.924074565093448763e-01
4.149085033909293285e-01
3.643442139389962420e-01
1.964394625802347027e-01
1.789753844827718376e-02
1.064321722573700613e-01
3.006418871853580033e-01
-7.946373908160279109e-01
2.497676542007845613e-02
1.545633031060488216e-01
-2.143539881746643339e-01
-4.872421440454439701e-01
-1.168139530736924669e+00
-7.904073341168432743e-01
-1.575960902497106630e-01
5.350197700158433323e-01
4.997570305912234501e-01
5.801823856462354767e-01
6.203318002620277216e-01
4.919192874614166655e-01
8.712908757706974705e-02
1.892742634734508878e-01
5.222416979364004064e-01
-1.829999549208443654e-01
3.359986796487121619e-01
2.685486126701080445e-01
2.279759679880438705e-01
-3.836076873743459181e-01
-8.707310915840721366e-02
1.404626045942703461e-01
2.512017980815613449e-01
4.344231528295948719e-01
2.718055720497402072e-01
3.151728415547636053e-01
4.678165203320877596e-01
3.821785979181515081e-01
5.412445463384015776e-01
4.544116653268368555e-01
5.665249865256489770e-01
3.055479778129013835e-01
7.863162740656924887e-01
5.636653212611660857e-01
2.219374961391702983e-01
8.478031580125252598e-01
6.021850864388641478e-01
6.263560381149366751e-01
1.042471853252026737e+00
7.285846223005013611e-01
8.958603579473251033e-01
8.983283131063860560e-01
8.507547990450800013e-01
9.324531071831895224e-01
8.447050355003273836e-01
1.026043817950142767e+00
9.031235326681804620e-01
9.505236431777045469e-01
8.874900498655208247e-01
7.981434864323387890e-01
8.521760175534163206e-01
6.493576059917924859e-01
3.115942940058251676e-01
5.351142961053502178e-01
8.049232156648465919e-01
-3.815162808626428315e-01
3.804420777289500011e-01
3.099011411344860245e-01
1.863744494349249270e-01
-2.976613016046899540e-01
-1.685310785565496683e-01
4.181869390455339452e-01
7.265322288511053550e-01
1.180029714880995062e+00
1.333719389366930574e+00
1.231912903106403334e+00
1.256109610112893460e+00
1.312422052949186124e+00
4.324698966956154189e-01
3.737260105412934519e-01
1.005500996842557893e+00
9.891272458978105364e-01
9.660145370510920815e-01
6.395439002709800702e-01
1.133194491479040666e-01
5.383679971092267813e-01
8.450976946951110902e-01
7.603058329646252833e-01
3.635957268443671397e-01
8.919244760354089196e-01
9.777229309366494148e-01
8.266672120662362788e-01
1.018398903586330118e+00
1.380810953308071021e+00
1.218992693962061225e+00
1.313486278678332564e+00
1.551410609462369194e+00
1.130460887610732268e+00
8.658711150639180065e-01
1.138583723288612237e+00
1.329741386519868396e+00
1.073467782975678464e+00
1.077888962501317049e+00
1.059589928424113037e+00
1.057145703544287940e+00
8.131434813193048061e-01
8.712249389977658742e-01
9.453922918651654905e-01
7.162577883502139198e-01
1.200008169558890891e+00
1.149346585821148903e+00
-4.305834749741606349e-02
8.335027579423007760e-01
1.339564945851337008e+00
1.665734223705694017e+00
1.139952004300749167e+00
-1.303618210465452343e+00
-2.044596593332297818e+00
-2.282041976774429326e+00
-2.068805315259785615e+00
5.592175075826824604e-02
-9.093429551295867386e-01
2.417250133125473099e-02
-4.077631282456761763e-02
8.287108053648774009e-01
4.685922636725700086e-01
4.534387271996384028e-01
1.112450696701634101e+00
6.227603750144560246e-01
9.431558999512569264e-01
9.581077100151991210e-02
7.491005169269837616e-01
1.085265536267143727e+00
1.072172836313136202e+00
1.310577176057950322e+00
1.274376364595238620e+00
1.339620441487952895e+00
8.737684735381140433e-01
1.415639882928860782e+00
1.765482935102349327e+00
1.851883134872654324e+00
1.343713072377059614e+00
1.416864554407768040e+00
1.065076535437430749e+00
1.310750091093430214e+00
1.178676840368895640e+00
1.322339672355479667e+00
1.074522920693341543e+00
7.973446482923935985e-01
5.492761239008553398e-01
1.166575118688558010e+00
1.431332752054072621e+00
1.513310618839623256e+00
1.633559131303720768e+00
1.582129758528335373e+00
1.624280470647676111e+00
1.642204656361769377e+00
1.536480457133028832e+00
1.881327926102323023e+00
2.020510347597504364e+00
2.041697953597802595e+00
1.384984879477226372e+00
1.970013258498116149e-01
1.906009393469024760e-01
-5.427306677024833492e-01
-1.696175715695454667e+00
1.555143714398483090e-01
8.261152425754333395e-01
7.592891671379887741e-01
8.567102904328137702e-01
1.033636013923306063e+00
1.000117241491561337e+00
5.882193221127748894e-02
4.345588125888825148e-01
3.687058790015056986e-01
9.975074068259069948e-01
9.521236722110019146e-01
1.193026710612960173e+00
1.080033779251647008e+00
1.207113585847884529e+00
1.363108652752428984e+00
1.420961643538966257e+00
1.284319495494451235e+00
1.417996043105811843e+00
1.157055185810902831e+00
1.167489142926755097e+00
1.510427069087389551e+00
1.595791973098668493e+00
5.850023355528086721e-01
-1.279681320933288291e-01
2.856416304872409495e-01
-8.170281484631124469e-01
-1.243629176597220720e+00
-2.069510341771767070e+00
-2.358365534843356315e+00
-2.277899269989243525e+00
-3.520754479594410125e+00
-1.357278858974465319e+00
-5.389269185253540151e-01
4.328056240623170958e-02
1.311054965556441021e-01
1.417686501443390368e-01
2.871017091703085278e-01
5.106489361169108676e-01
6.974684115616677227e-01
-2.149947981025503441e-01
-1.795094199883505048e+00
-1.459806412161815281e+00
6.319814281375332743e-02
4.012013336938184960e-01
5.091974805417159855e-01
-7.836446301452640317e-02
3.319946568283952959e-01
8.282461510367091773e-01
8.219145119224441354e-01
4.126088525332268775e-01
-8.702748401831202907e-01
-2.268574229282659949e-01
2.619254988457735411e-01
-2.099104637220954028e-02
4.233041655621053723e-01
-5.571207621518073361e-02
1.378321416438882396e-01
6.899914556036641500e-01
-4.026322798826059146e-01
-2.981288582508747620e+00
-7.333409212800502397e-01
-5.199757742152977258e-01
1.601059226674192981e-01
-3.800346148839683913e-01
1.557299072379895732e-01
-2.574074235943931033e+00
-1.174893669637492977e+00
-1.462065215211763025e+00
-1.283761995000161082e+00
-7.047305360513682615e-01
-8.118569702993274628e-01
1.770920125520926147e-01
3.412819011404299441e-01
-2.086588623475432058e+00
-1.087996254085906944e+00
-5.333518203763640830e-01
-1.030956435285205419e+00
-2.790495917342600496e+00
-4.469261146373207927e-01
1.063010008061980594e-01
7.993187259336826944e-01
1.024239236216420323e+00
5.203815443460488854e-01
9.027250229377060675e-01
-1.856915180700325907e-01
8.753909626815935541e-01
5.439368168741967047e-01
8.881367712888504906e-01
1.262525197511297215e+00
1.044765185674894958e+00
1.018926508541949438e+00
8.489480699234417393e-01
3.515849449766271229e-01
1.758493848196381881e-01
-1.245470160125942694e-01
3.267426093138459109e-01
4.251405633813485352e-01
4.162078142937607472e-01
8.276225609148827322e-01
9.915628725008774902e-01
9.537428599354688119e-01
3.187645841765848198e-01
1.354106617448316008e-01
3.225480881267648314e-01
7.789399059476342924e-01
8.517632489064939083e-01
1.049611041581988591e+00
9.236163600711458921e-01
-4.072158708097179947e-01
1.487485912687404599e-01
5.750308587687136264e-01
-1.521892374719141294e+00
-5.361011467158849353e-01
2.349123936515623567e-01
1.056407123693646977e+00
1.239857473393846110e+00
1.523616808151785573e+00
1.700849903012713327e+00
1.807927253919987542e+00
1.582497799866366961e+00
1.393566894989120453e+00
1.005193978294613988e+00
1.040031920410008137e+00
7.731830309563891834e-01
-3.504428131293965132e-01
6.114156854541288322e-01
1.414719685814465056e+00
1.438900328346917945e+00
-2.925754069252578526e-01
-4.641744742359240061e-01
8.275601410065366315e-01
1.068936002599180313e+00
1.401328120308088732e+00
5.945241412050719099e-01
9.343503371650486722e-01
1.143402596988568387e+00
-1.086940110510092428e+00
2.003505824051950990e-01
1.049409592341150610e+00
3.703772360819322929e-01
2.064182515314521016e-01
9.790125885786785664e-01
1.535314592940266287e+00
1.013889994914388470e+00
2.098701891427871002e-01
-1.294660682173511823e+00
5.644203615453955436e-01
7.156934088995028365e-01
1.071445058635219105e+00
1.052000394378249215e+00
1.000552620578475604e+00
8.519757082555587946e-01
1.023292314207800757e+00
1.061576813739538050e+00
1.137562453072094026e+00
4.195947763576723943e-02
-2.515521604889437768e+00
-7.927446883586808379e-01
-2.236372805398494368e-01
-9.189197981007333205e-01
2.503651067727040713e-01
4.550919721215261893e-01
-1.698514427313227160e-01
1.816792866739222467e-01
1.273407109471388576e+00
1.551360928347193191e+00
1.595315606427095023e+00
6.743516300492723436e-01
1.426786566182685956e+00
1.008855980822773724e+00
1.628597116925037280e+00
1.654752011932410394e+00
-2.481837776063893219e-01
6.055911537612601592e-01
1.508603204274646892e+00
7.555785832380431666e-01
1.100807325682914062e+00
8.814574114322663023e-01
-9.105254265173490236e-02
-4.852600993850061939e-01
9.410848297041188859e-01
-1.595718157575271245e+00
-1.332334186247281949e+00
5.683741013634401318e-01
-1.319667732939659555e+00
-1.123860298393994483e+00
-7.377782517115905048e-01
-5.606136238509454861e-01
-4.897752716856803024e-01
-1.064492235591380176e+00
-8.391332502967265849e-01
-2.275882801817175505e+00
-5.229466898702793687e-01
-1.225550805646529184e+00
-3.664747538905265500e+00
-1.088080681764639568e+00
-1.714430382864034763e-01
-1.712671537273672828e-01
-1.881880901415675100e-01
-3.302430562585140228e-01
-2.043404988973763547e+00
-1.305049554475097295e+00
-9.069245802441907589e-01
-4.636914205355351926e-01
4.244651016311864478e-01
-2.526819328347656990e-01
-1.561259455119533845e-01
4.539572044913664506e-01
7.803810277896038317e-01
8.712638864165367369e-01
6.543595214856955389e-01
2.589636046165752492e-01
7.302999215241827713e-01
8.732420033127635817e-02
4.941891084469524076e-01
1.170667801380009809e+00
9.281403301165701558e-01
-6.864286259286487279e-01
-2.047639116819805594e+00
-1.171974435737127340e+00
-1.337619000559262528e+00
-1.593240387332243380e+00
-1.357966744480209709e+00
-1.050403082002682620e+00
-1.266533682725147880e+00
3.119812222897495047e-01
-1.702631956116676726e+00
-2.920826419012604980e+00
-2.215032694449508455e+00
-2.547946232127783484e-01
5.823689720839954065e-01
-1.415899768683738902e+00
-1.752679756573614522e+00
-3.201085209651949981e+00
-2.035299225412666502e+00
-5.524031956567216906e-01
-6.200080809624494149e-01
1.737033182292351263e-01
-5.818899955985048500e-01
-9.569168673426546867e-01
-1.137308669698507746e+00
-8.425529947669695430e-01
-1.563489486625897762e-02
-2.336039064768859475e-01
3.918065797330009259e-01
-6.484899222499880267e-01
-6.187148768540315369e-02
2.321154206738281212e-01
7.303411415120556471e-01
1.110636878155764951e+00
-4.193609113522828169e-01
7.829323025844745487e-01
8.490422589023488564e-01
6.122797561575077374e-01
-5.639881499021645039e-01
-8.937380256569718018e-01
1.485791088175670294e-01
1.173261916708870367e-01
5.054532289603781425e-01
4.882389017316189905e-01
8.885815984153387914e-01
9.310651808517430572e-01
1.027024643408461557e+00
1.324025589324984153e+00
1.133567429507359670e+00
9.384009502145594928e-01
9.605445175036469996e-01
1.206374340090102582e+00
-2.780836921105094006e-02
-1.132259471037518672e+00
-4.465655894631145317e-01
-7.886255842998028953e-01
6.567813410323039558e-02
-1.326575093675505190e+00
-1.470190225154184738e+00
-5.440803977475840991e-01
-4.621644296565823040e-02
-2.860026531200102751e-01
2.153544740853655104e-01
6.929823368873821998e-02
-4.446573636683713859e-01
-1.419652101639583552e+00
-1.624077266227193839e+00
-1.565915797638337104e+00
-4.097702392969453378e-01
1.578739785106544335e-01
1.325624010528519969e-01
-3.329690119109043889e-02
-1.428969590847327442e+00
-2.490063857525934010e-01
-1.509403424917663106e+00
-9.736466606531296586e-02
-1.063971435899899287e+00
-5.805130277395165184e-01
-1.847173689829619825e+00
-1.085295440662841671e+00
1.385869217682331733e-01
-6.716994248051257888e-01
-1.752412566138961125e+00
-8.361094902891039737e-01
-5.680652558675260838e-02
-5.002856835676356972e-01
-1.209873882865035277e+00
-2.551443308688777556e+00
-1.588586437120917516e+00
-9.525737368325704058e-02
6.968753399643794477e-01
4.396806117551713688e-01
-4.097087818962973360e-01
2.504029737054555560e-01
1.959715811920681450e-01
-1.495687030628120029e-01
3.557045860164714801e-01
8.297477234962273851e-01
1.492629176279313130e-01
1.040886363727161701e+00
-9.905104655820512471e-02
8.063782298677437677e-01
-7.217417440573025145e-01
-1.196881578376367994e+00
3.456770956165987618e-01
8.870715051285479325e-01
1.012731827431954557e+00
1.134308648501299199e+00
9.766050753915239691e-01
-1.120458516146332961e+00
3.628084219711920078e-01
6.767882364658793781e-01
6.543120580623169591e-01
3.502743815829306717e-01
7.032207928777642891e-01
8.107066293646376653e-01
5.689069298820097487e-01
-8.598343136511713003e-03
-4.840344876159155540e-01
-9.347290488588321233e-01
4.930486373844535919e-01
7.042946970609486046e-01
6.010508613877040274e-01
-1.493690866385402605e-02
-1.868773635900102259e-01
-1.752450270776853558e-01
1.162137249960585317e-01
1.175593485914764591e-01
7.410749592774326100e-01
1.236728647351017063e+00
1.143936599711145252e+00
8.625028406892156774e-01
2.874138474233119411e-01
2.071341123530173745e-02
8.340388274493955034e-01
9.328679270153762415e-01
9.690478728736350300e-01
1.034510745350996075e+00
5.873146266455122610e-01
4.562814452894194961e-01
-1.857221933373191802e-02
-2.040710705554276139e-01
5.006844016850142687e-01
5.790877327572859778e-01
1.848365588821043737e-01
2.746150572280753321e-04
6.922834503551269503e-01
6.848056324379507842e-01
6.843333336295203129e-01
8.309445880942948337e-01
1.119321439747067437e+00
1.224034485311388476e+00
1.109239130667282414e+00
1.067769513843465745e+00
1.172456726462948851e+00
1.239310581230812502e+00
1.403398357963530074e+00
1.393486494833704459e+00
1.389787816996913339e+00
1.481353925408414707e+00
1.145664285342143707e+00
1.128577820681090582e+00
1.308647741413089705e+00
1.248561349981779145e+00
1.332845670646673586e+00
4.819482554801783891e-01
8.720101452918631590e-01
1.113381519748068094e+00
1.079924400011055940e+00
5.276291142654421229e-01
4.751723726643298784e-01
2.387925648572947757e-01
-1.301298283236997033e+00
-4.994113197359774659e-01
3.513800857852142356e-01
5.474463258405121158e-01
3.848887033815763248e-01
5.063501968800353525e-01
8.002368863430019408e-01
6.291896242497985181e-01
1.683121019992567802e-01
6.752437492770988481e-01
8.598185331387381281e-01
6.921842432507886445e-01
8.777933529688516368e-01
-2.389747027590486128e-01
5.684086711559200866e-01
3.529873301866924273e-01
5.778195629241101861e-01
7.598522585226081816e-01
7.636297030693547372e-01
7.381796296675861013e-01
5.998255160275189901e-02
5.409724733348839631e-01
7.310732522204742567e-01
9.148177385268528861e-01
8.961218809287677667e-01
1.017744699913034623e+00
8.957478121877558985e-01
1.024575193883721091e+00
1.168206236763149164e+00
9.320435293558561041e-01
1.055609239124017051e+00
1.278436965591245755e+00
1.370007281544713074e+00
1.477722663358643995e+00
1.731321036324859008e+00
1.885770688350645319e+00
1.725862615676523770e+00
1.785895191466520870e+00
8.720774898589070956e-01
1.678049200964434995e+00
1.879047523676047327e+00
1.741425030941334384e+00
1.163072922973428902e+00
7.971164872172170623e-01
1.029351436376891193e+00
6.624444938711815389e-01
1.108572471725826070e+00
1.050538334170675103e+00
1.353689654165261214e+00
1.245333209434483557e+00
9.802750644424166326e-01
-1.251709121415080228e-02
-2.325237459256949690e-01
5.857119357939323256e-01
1.357759786625089227e+00
9.406532044840588691e-01
5.055489533960887405e-01
8.090727920297463571e-01
1.062047373519909854e+00
1.349860028746047824e+00
1.207198228676367613e+00
1.262988943031960520e+00
1.390977444281169539e+00
1.512518732459889659e+00
1.470955313031022449e+00
1.263670296243333713e+00
9.965896835887609884e-01
7.909244526352052773e-01
-1.645774515625189061e-01
3.838584803167811588e-01
7.506367852150366282e-01
8.557377624906210567e-01
8.450896170067907498e-01
8.044945039040933832e-01
6.988907722242742038e-01
6.120531400389206400e-01
3.658220118404468257e-01
7.698914672474679310e-01
6.886781065208007480e-01
-1.464198760262632515e+00
2.833049845876540740e-01
5.501577594851247976e-01
3.590411180838381511e-01
2.717302126427436626e-01
4.147184607371600107e-01
5.084593232584014855e-01
6.768581279334747736e-01
4.892241014845112312e-01
3.726737398629949571e-01
5.333297050205695333e-01
6.433536412673713789e-01
6.567323944476921582e-01
7.259394253219505488e-01
7.478106277917281330e-01
8.146947182016032185e-01
6.757869327129616410e-01
8.524024392014104556e-01
8.618226838030363934e-01
1.057673795647923409e+00
1.017737903610688388e+00
1.130450339068344245e+00
1.282210802106416025e+00
1.616325871342509934e+00
1.735983889382623158e+00
1.563712994660207301e+00
1.172947144428756694e+00
8.580071910704767379e-01
5.016617014150402953e-01
-3.833330758796364424e-01
1.147708993315796899e-01
2.187215555539894218e-01
4.850827652301534232e-03
-4.881406936003543362e-03
5.931662972890379137e-01
1.062947313809064820e+00
1.064038784087297795e+00
7.161597367322070085e-01
4.335395283896498198e-02
3.193872642339684043e-01
2.916135450622536207e-01
3.741103012773688286e-01
4.599597346961654676e-01
6.528480632807220907e-01
6.731002656655951100e-01
8.710007175245645383e-01
8.949069517143436459e-01
9.253062339419525495e-01
7.302536224141698007e-01
5.347196547312991211e-01
7.138157378635839878e-01
4.153624709975366480e-01
-2.475725495215856664e-01
-9.096113434906696327e-01
-8.467415835567975169e-01
-7.487638821736959382e-01
4.091274493968540815e-01
5.864932891171841245e-01
8.208772405036203201e-01
8.365776240428663968e-01
9.449662028214692588e-01
9.490982276270146789e-01
1.094937724686503522e+00
1.067725621877813502e+00
1.070056194278860673e+00
1.277547166285132096e+00
1.580381057627286978e+00
1.206373160596510008e+00
9.789344967248182483e-01
7.291846584597807546e-01
-5.802611838491422702e-01
-8.835747890779772629e-01
-7.542573325107024274e-02
2.075505980233326997e-01
-2.618721645831223466e-02
7.791032043690964137e-01
1.102578305121812541e+00
-2.158406429650543967e-01
-7.412156779343259672e-01
-2.787973050125314711e-01
-1.500771272860604300e-02
6.738738947787875633e-02
1.287590631548305442e-01
-3.209699166269797121e-02
3.940598034895052004e-01
2.062348542486339142e-01
3.318156331761990541e-01
2.199470847768040249e-01
4.591091094929674599e-01
5.023834078911968426e-01
4.950348553390486739e-01
7.221420757098960808e-01
3.754572369272244914e-01
4.322468682450623101e-01
6.020217158520815293e-01
4.872141989882485813e-01
5.485869150828597274e-01
5.679194135583071068e-01
4.078795139912460010e-01
3.581274011766272802e-01
5.691732513243166203e-01
5.456072427705321859e-01
6.305155260671780892e-01
5.509928198087642448e-01
5.489788149287048169e-01
6.521068615867481322e-01
7.075437464187014358e-01
9.300739963052228054e-01
8.844295730295546054e-01
7.496356473285846755e-01
7.003951362183511442e-01
8.453773485799559451e-01
6.941198576636278261e-01
4.469398612146990857e-01
6.514518748536254900e-02
4.382276436654983787e-01
5.404422224163543120e-01
2.084552882158966503e-01
6.778129164972926390e-02
5.659581165316743268e-02
3.508483552961623175e-01
6.076765869930109698e-01
1.210569285568535991e-01
3.749946609045213264e-01
4.610182867758128022e-01
5.193535799898428840e-01
4.149404816941723029e-01
-1.547262779348237860e+00
-9.425133986960905208e-01
-4.653289708487503007e-01
-7.580203297132104279e-01
-1.926819722006928082e+00
-2.332193474946757661e+00
-6.777916787298067236e-01
2.886677691432142367e-01
6.242374648636614953e-01
9.059628736337134169e-01
9.328383130667911027e-01
6.533089208626480238e-01
6.179486376938142511e-01
3.237711104160464481e-01
4.634171296422465725e-01
-2.124203762464890732e-01
-3.379584609237219484e-01
-2.341031220234679022e+00
9.314094487230023534e-02
4.299974805137680711e-01
5.656245860115306501e-01
-2.201217715101051908e+00
-2.689822566718539143e+00
-1.770663429181259740e+00
-1.058411533980190944e+00
-2.601154322881952474e+00
-1.127988647258279631e+00
-8.833952016846564614e-01
-9.375534751133905997e-01
-1.862851682155954425e+00
-7.034851152187792112e-01
-1.100315213159396066e+00
-7.540635050465471778e-01
-8.668152763602422484e-01
-5.561376938991350327e-01
-3.960992969185241908e-01
-7.026822581192502248e-01
-1.441850718456531677e+00
-1.900674861810970562e+00
-3.374944039431344578e+00
-1.399697862022359907e+00
-6.140742797902062344e-01
1.343052322276683253e-01
4.743367698824352274e-01
6.182238829303213778e-01
9.751596586721952287e-01
-3.829941605846908237e-01
-2.423774135397521512e+00
4.179784573893341459e-02
5.138077355269502489e-01
1.006936711591552402e+00
1.130344217173821608e+00
7.700337040305542669e-01
1.180583836780849882e+00
8.151101696517782935e-01
2.488943999858979073e-01
8.550825308268142910e-01
5.767799177518189158e-01
6.827250560876574337e-01
-5.297593098553700086e-01
9.027291731591225998e-01
1.103705560102147043e+00
4.209889588061623833e-01
1.042311864033944158e+00
2.980450401951148520e-01
-2.629125322923557384e+00
-1.283987496976690679e-02
3.191138486132561458e-01
9.491716152804970941e-01
1.280487073870469672e+00
5.349103864564845878e-01
-2.264201215857191585e+00
-8.061216467838566713e-01
-1.448056267525957619e+00
-6.209981921229870139e-01
-1.587864135040803593e+00
4.773353810865299529e-03
-1.107849247183747554e+00
-1.440894250593318215e+00
-1.739423738610589965e+00
-1.720083312652093799e+00
-9.333798177133982854e-01
-1.666620825838648567e+00
-1.592872615032670858e+00
-9.092873958115627042e-01
-1.850435352472316275e+00
-3.143002046129972360e-01
-7.446778760624428450e-01
-1.254614869471779137e+00
-1.570814074018576534e+00
-1.933394503538343301e+00
-7.704718452031944498e-01
-1.152325128123026676e+00
5.315550498988863559e-02
9.342915719172098510e-02
4.121843972670813372e-02
2.780931943505827730e-01
-1.177239845310337873e+00
-3.183866216498088431e+00
-1.703818885219591905e+00
-2.937836733396971489e+00
-2.159909002004809064e+00
-9.689906629039732877e-01
-2.422428023852879697e+00
-1.358622554007284045e+00
-1.221614690047500673e+00
-1.374478103331162160e+00
-1.404714879481345768e+00
-1.491033185698963148e+00
-2.790160529489628338e+00
-3.268799412661389514e+00
-2.383467744936370369e+00
-2.838263754909165826e+00
-1.852571077944788147e+00
-1.408018544782546844e+00
-1.002043224554963974e+00
-1.096794135236476286e+00
-1.685861168853520553e+00
-1.166151438114982675e+00
-8.313341059946240952e-01
-7.839510815717104508e-01
-5.884194010569934186e-01
-6.903958971626925623e-01
-1.748424659250441326e+00
-8.938295043620085867e-01
-3.765625786500067518e-01
-5.991772946625914531e-02
-3.121322643345940673e-01
-4.971338875754403031e-01
-1.780436127581581374e-01
-4.231455152217341031e-01
-3.727139686442252908e-01
-1.708824007633192199e+00
-4.280138177236942898e-01
-3.981071262794336207e-02
9.025283079619486615e-02
1.760962940095464058e-01
1.530070378438094791e-02
-1.499813158265457524e-02
-3.414097497112973389e-01
-1.545635052866904946e-01
-1.296477730006865836e-01
-4.809848767312596141e-01
-2.058384587245221664e-01
-7.127809656315950981e-01
3.022213597316308342e-01
-3.792830857997066540e-01
-7.145255129802312588e-01
-1.581666431378134341e+00
-2.647128471730967325e-01
-1.459281862522626483e+00
-2.685469402160397534e-01
4.379629693448547911e-01
4.491917918961323419e-01
4.599507028714909795e-01
2.888098327244685293e-01
2.489545081332549814e-01
1.761879468693403061e-02
-5.330125479725171811e-01
-2.232945661929759129e-01
-2.229269208812393599e-01
-5.804825082112112511e-02
5.147046339562136863e-01
6.482545422804775193e-01
7.930234861243087297e-01
6.490238263593617329e-01
3.173687902776440861e-01
-6.084173421999561349e-01
-6.124154458810575630e-01
-7.342533083584276143e-01
-3.576234364303874647e-01
-4.035778597303187887e-01
-2.105967409948657221e-02
4.094945038269151572e-02
1.384790192452476920e-01
1.503589609872971189e-01
1.809657420599177780e-01
-2.472469721008180021e-01
-4.700249754818703329e-01
-2.704156838144462505e-01
-1.667461200355480067e-01
1.311416114894512208e-01
1.723699527166963064e-01
1.113224388438036616e-01
-8.111083177414124545e-01
1.890039579119140445e-01
-6.519159402993748853e-02
-3.014461378638486622e-01
-6.658555352638596547e-01
-1.940379482762926600e+00
-1.195360911489027345e+00
3.274707137675149649e-01
4.885635600430719983e-01
2.357988091848596812e-01
-5.863096348606001706e-01
-5.860077348598344837e-01
-6.851032733808635200e-01
-4.669812197040622004e-01
-5.422377653842969103e-01
-3.348420139986861832e-01
-1.223935951296109409e-01
1.716827123672882704e-01
-1.747839439518071580e-01
2.442201054858230136e-01
3.326922791086729947e-01
3.390916697599580809e-01
2.694977049357130672e-01
2.306243699873883890e-01
-5.912353072381408836e-01
1.728674842811017687e-01
1.949207405748764055e-01
2.145295963810009421e-01
-7.078287357823613846e-01
-6.258717790841894502e-01
-1.818757249318048719e-01
2.524107668169794927e-05
-5.593990131872574739e-02
2.677701456456532680e-02
-6.911893724700122199e-01
-1.253933696789615027e-02
3.489546346377064845e-01
-6.182393553941813863e-02
-4.526655111865948156e-01
-8.048610512964965436e-01
-4.296866433008558750e-01
6.118267289578835366e-02
-8.876454762537340226e-01
-1.444378526493308446e-01
1.466387209819851045e-01
-7.374415700533751283e-02
2.148788868221173654e-01
-3.077985650750893476e-01
3.983872666634705184e-03
-6.803728970950963240e-02
-3.157597215746913433e-01
-4.485906807129152463e-01
-4.670572552054954030e-01
-4.922368504001514711e-01
-5.710786399770491073e-01
-4.556060794535788938e-01
-1.391995606937615815e+00
-3.000463860814942318e+00
-1.053620485674356511e+00
-2.745467543192575688e-01
-7.319508391042131024e-01
-2.936492063700651967e-01
-6.265262034206142694e-01
-2.918190735944849179e-02
6.969408373928421829e-01
6.730260560680759729e-01
1.835703436666439869e-01
6.968610567216965146e-01
4.385442704981249440e-01
2.590818697983322538e-01
1.964244651782677820e-01
-1.911790079428805078e-01
-4.163720965014185149e-02
9.905478890306207429e-02
-2.738578526077103947e-01
-2.341839017021777103e+00
-1.143801624444218845e+00
-1.148845178544902090e+00
-1.602303428366701255e+00
-8.176820479721630397e-01
-1.174750862913693794e+00
-2.922610522202956362e-01
-9.970820317107004227e-01
-4.643800628087541571e-01
-1.123964773529979727e-01
-1.350924977466512467e-02
2.452529957117935422e-02
-4.572246893260546730e-02
-2.074366836071811493e-01
-4.282607814125576895e-01
-6.400888052625031133e-01
-2.932732709843952623e-01
-2.663726785776526773e-01
2.526466637295265993e-01
3.173527529651276602e-04
-2.541413322003110986e-01
-8.449180979877948250e-01
-2.852116654891410641e-01
-5.164815380793256194e-01
-9.158810936304594141e-02
8.402704917741221635e-02
5.943634252895024783e-02
1.144479577150858129e-01
-1.330532799372680930e-01
-3.838670563061099550e-01
-1.128635809121263794e-01
6.766605527565397460e-02
-1.993188671659764932e-01
-4.286032984396400680e-01
-1.090557013699736261e-01
1.872776933816727163e-01
-6.603787299764232732e-02
1.389566740515424392e-02
4.771332569661970169e-01
5.491231379123917566e-01
2.925790111998236576e-01
3.068242060599654097e-01
4.209004954939030707e-01
-3.397841848865192915e-01
1.792881446825555503e-01
-2.331915916057114013e-01
-4.512519115994295671e-01
-1.070249210292983033e+00
9.242806344446463651e-03
-2.428583184933919004e-01
4.211066237370852949e-02
9.008031077888914440e-02
-5.974513783153647672e-01
-1.087257717495131448e+00
-9.744854539944919347e-01
-4.889062877079839442e-01
-4.560937718091063742e-01
1.183139243080831848e-01
2.145911004382139997e-01
5.285836067146953976e-01
5.523798065158621595e-01
2.945166241482646274e-01
1.815574603408218191e-02
3.408117786684703998e-01
5.290833936792757042e-01
4.359222491026932822e-01
5.942189417764957016e-01
7.706372787303816807e-01
8.286687963573888815e-01
8.378320501258371689e-01
8.487444040621173746e-01
5.097499605291667679e-01
8.351709247976305539e-01
8.092879232314128535e-01
6.005065068704944498e-01
8.472336817305161638e-01
7.312931286287793764e-01
4.799365987949538725e-01
9.618474803291757746e-01
7.887830803593899320e-01
5.397440207449482052e-01
5.602076730545957339e-01
7.099257619015031384e-01
5.584555142499462166e-01
7.603921656221136471e-01
5.890475318211280120e-01
5.103944525048180747e-01
5.103105179299445293e-01
8.795988445608238226e-01
7.351496655871915253e-01
1.197645719935213904e-01
7.378348188455551293e-01
8.663729203216586905e-01
1.118764725303110108e+00
1.205288370452408220e+00
1.031139040144795960e+00
1.244419886432756694e+00
1.432401791432043048e+00
1.102764889843278695e+00
1.128901568632030727e+00
4.954337357126347152e-01
9.408103725191495625e-01
1.004770274137827268e+00
5.534127654492176918e-01
5.422126262517610318e-01
-3.914833768232268696e-01
4.319144914983047423e-02
3.885464249840389073e-01
2.033752670027395570e-01
-2.139971028992875723e+00
-1.545128164650130476e+00
-1.223353932607634142e+00
-4.184936145042695288e-01
-1.064141813220869537e+00
-1.866924686680818013e+00
-1.192285882953901144e+00
-6.861131202648944605e-01
-8.971153212119169496e-01
-1.444083024638023627e+00
-8.094201190028491588e-01
-1.000214911034829512e+00
-4.711436023642296411e-01
-9.109817023154245241e-01
-1.583887590621672725e+00
-1.078677748299919248e+00
-1.338068906889512188e+00
-1.708367345635974921e+00
-2.779887662965914163e+00
-3.682212911222860985e+00
-1.691158562739139448e+00
-2.513308494402880733e+00
-3.033566414925988219e+00
-3.068789351599597648e+00
-1.050002418660364478e+00
-8.003940738339248018e-01
-4.739376086040227309e-01
-1.189125097137829989e+00
1.362984971459523242e-01
-6.820807399244906977e-01
-2.895373471502365792e+00
-1.269839581312662169e+00
-1.262431011982433071e-02
-1.448413814687731005e+00
-1.658250782562793901e+00
-1.431850017612673387e+00
-6.793243979935121857e-01
-2.994463658238872283e-01
-6.877927839417462275e-02
-4.937487080052482824e-02
-1.342187254732220558e-01
-1.892433214926235174e-01
-3.464869366445295640e-01
-1.804006336853423709e-01
1.514727210898043630e-01
-1.090259984799849952e-01
1.906137353391196276e-01
5.137366067650350754e-01
6.593411145686947084e-01
3.292220666786403460e-01
3.421572276211693464e-01
7.949304202792155660e-01
8.243734110739673326e-01
1.052740816398366697e+00
8.021562494101599494e-01
1.106560368628593416e+00
2.595918824121951074e-01
-8.929671031443658924e-01
-3.060113949331217498e+00
-4.640085887326400593e-01
3.654180430307528149e-01
2.922296483711271375e-01
-1.551350483211174636e-01
1.583262499795137779e-01
-2.968521426095426907e+00
-8.745618243887550713e-01
-4.692589288984931606e-02
5.892094641402330080e-01
6.484626037648690833e-01
7.992229454195476368e-01
1.015818738079634187e+00
-1.774443747057521392e-01
-9.789110947499094495e-01
-7.845810491568273592e-01
-7.229507242870842898e-01
-1.355162715212641977e+00
-2.396817652331308945e+00
-4.157710880805897680e-01
-4.539632830247385953e-01
-3.783799733595836767e-01
1.521061567423968586e-01
-2.672333222000775055e-01
4.605582764376061622e-01
-1.951478964570035890e-02
1.182180500658657207e-01
1.924589236633020284e-01
5.400221131199574032e-01
-1.218909451960609847e+00
-2.813216294873056800e+00
-1.232464358972202412e+00
5.304759208166365259e-02
-2.554364774428657947e-01
3.802357164106677789e-01
2.127669268695198124e-01
6.972618743703183908e-01
1.197044854053705976e+00
9.178104698265777683e-01
1.722290079779478233e+00
9.839499505213206154e-01
-1.050198338749065652e+00
-1.802537368599218537e-01
4.004679879124145581e-01
9.781025857670387902e-01
1.030556889419238065e+00
-1.109391199835133346e+00
5.136149202775547318e-01
9.518440720184718762e-01
1.706469537380924106e-01
-5.694186879295443093e-01
-9.395219187392552795e-01
-1.833318568981525232e+00
-9.048815739612864339e-01
-2.688951627551843249e-01
4.917435323455402463e-01
6.128345850251079030e-01
8.903192919691910179e-01
6.717025830510083839e-01
1.219382303053394345e+00
-1.741256877581337292e+00
-8.207710187062694507e-01
-9.332571827279636523e-01
-1.883707168626364226e+00
-1.256555727653123344e-02
2.232704475547085954e-01
4.514885668259973617e-01
7.197031810399779905e-01
4.079821976929719485e-01
-2.132795881890837020e+00
-1.018336182647869848e+00
-1.109168437967124721e+00
-6.559721541416467794e-01
2.591679485397980764e-01
-5.639085378030688211e-01
1.061382403964722387e-01
-2.239978865155661802e-01
6.753690876600849657e-01
-2.009715264358721831e-01
4.835106419926633592e-01
5.603919679712180413e-01
-2.071803455666848537e-01
1.305035807382485813e-01
4.053878988644599168e-01
-2.729827273478222516e-01
-3.299630825877840623e-01
1.042275641215860138e-01
5.985650970776380531e-01
-9.326649902329305908e-01
3.895211581001190027e-02
-7.045147994981501571e-02
3.718957801131243524e-01
2.305561136217001428e-01
2.426290880100616110e-01
3.171134208793957576e-01
3.858443485455909094e-02
-8.746959627176489893e-02
-2.359888180988483075e-01
3.239129885486212723e-01
2.391661283648497394e-01
2.330059106984536665e-01
5.016551498151378130e-01
5.985577612350202470e-01
6.812062510217351541e-01
6.768400277102750717e-01
-9.513596907050037021e-02
2.435157504896715563e-01
7.051963505644806562e-02
5.302232610243193256e-02
1.244952990326411713e-02
2.104213654770513697e-01
1.521702875339226435e-01
9.185172698286950266e-02
1.159611060672446348e-01
1.707809915219193342e-01
4.662525943680558838e-01
2.875848137174506491e-01
1.593645158017797381e-01
5.180678308066337667e-01
5.493090370036282089e-01
3.399477740974177209e-01
5.828911276326230739e-01
6.329686272794067259e-01
7.035937343229526908e-01
6.574952060421691558e-01
-6.729310645161588889e-02
3.653851301059892753e-01
-1.617033973426100779e-01
1.874943809415127172e-01
2.871428260621119999e-01
1.367103600586421774e-01
-9.475452021590243801e-01
-5.704167374337034691e-01
-2.770322909900076458e-01
-8.229369140807214489e-01
-1.853970772327911742e+00
-5.607783303389910490e-01
-5.560620841268661962e-01
-8.266619619327363333e-01
9.700300023806765481e-02
1.128782768469531184e-01
-8.126104142639452022e-01
-2.748669871528909514e+00
-8.814773604516120686e-01
9.242718834872382105e-02
2.104766106762147593e-01
2.769785507481909992e-01
-2.214339125436968481e-01
3.549105063806902716e-01
2.306218610207722008e-02
8.169866556729010743e-02
8.287173837062952741e-02
-3.857702913903330866e-01
-3.694028674715996163e-02
-5.551263835502570632e-02
-1.714094941032493491e-01
3.861701831201150292e-02
2.155000709471083242e-01
4.795263640555772477e-01
1.817231045012890345e-01
6.166992882236076445e-01
3.726173732853423903e-01
3.842798750252122697e-01
-7.403572699436358762e-02
-9.743366562763877692e-02
-1.177832150242012599e+00
-1.285140996066875818e+00
-3.189968670751416324e-01
2.574473314465118290e-01
4.745092578993239663e-01
2.663650087256285715e-01
2.047108352815962817e-01
3.179428470116848482e-01
5.571476992646043902e-01
6.014056614713240156e-01
6.318700980992655314e-01
7.607942138782907149e-01
6.630836183377764037e-01
8.470303932339763309e-01
6.589831527771160546e-01
7.221800511709637327e-01
8.238757914655433501e-01
5.938983292665147573e-01
2.959291806435404015e-01
4.372870006564332224e-01
7.148192746092355554e-01
4.298200620778496184e-01
5.015645882077628404e-01
1.184247397124069123e-01
2.135466301498143982e-01
4.470875524700057557e-01
1.800224246360264124e-01
-3.038481078452498485e-01
1.099917451584952188e-01
3.774737521543704011e-01
4.660568260210905533e-01
6.061887236371465981e-01
7.236371681422267832e-01
4.511281592919185179e-01
4.085961631928775040e-01
-1.888199812365603525e-01
6.740689940309263495e-02
-4.357470361266993497e-02
3.910003472913218259e-01
7.700492663940533555e-01
7.697307729905812357e-01
8.492841596355777956e-01
8.147049934393442161e-01
5.665815174027061252e-01
1.624920804974427369e-01
1.908310616228347523e-01
6.374098441356469413e-01
5.741994012968354433e-01
5.671658858645528545e-02
6.610794989122295573e-02
-3.343918929135939466e-01
2.343130630864922459e-01
5.683425123114529409e-01
1.599860627128275037e-01
-1.036329583603786908e+00
-5.344180044794484274e-01
4.832877523664683705e-01
6.882737565172540872e-01
2.960142627796185644e-01
7.772829535703880133e-01
8.496882889710425379e-01
8.116225550130974353e-01
6.999992604690042919e-01
-1.834054460703522516e+00
-8.016929133292332033e-01
-1.076253858015452813e+00
-1.944995469514454900e+00
-1.011290677145160632e+00
-5.804379406476498637e-01
-4.073939776482958242e-01
2.396489308966079368e-01
3.852990975614690727e-01
3.332844039770547773e-01
4.139971037621891226e-01
-1.550405160813699557e-01
-6.713938573312292490e-01
-9.646263716077961570e-02
-8.216247393821797251e-01
-5.119501474338579161e-01
-1.732937297487644468e+00
-1.791033520723786854e+00
-1.376589649832273832e+00
-1.658939664302964800e+00
-1.277012740881394048e+00
-7.016021697655917544e-01
-1.419389535557095794e+00
-1.963318211755964882e+00
-7.584062427420827923e-01
-2.298443625560735004e+00
-1.372027701515965870e+00
-6.349026529656882634e-01
-1.067893334904797875e+00
-6.210494762651879164e-01
-2.886181845779922095e-01
2.302975673399802470e-01
3.453330419974867671e-01
2.503713375634159521e-01
3.038875182532937425e-01
4.402580555799068263e-01
-5.979271079415643397e-02
2.210875665227102216e-02
5.615933019408224647e-01
6.647806979774057989e-01
5.785329812407129513e-01
5.683299472528130503e-01
4.083351299495860953e-01
6.851702595567265019e-01
7.188429133158530382e-01
2.248110656548737429e-01
5.512142379372922951e-01
5.400276818551169589e-01
7.382745460339475985e-01
5.581835314660623659e-01
6.038644744408905307e-01
5.116181500811723959e-01
5.481213619352161004e-01
5.872180983526640308e-01
6.819136981953485277e-01
7.814201513010412548e-01
9.220985429897786689e-01
7.855637903359710128e-01
7.705852565705494372e-01
7.632213514384135200e-01
6.745334430689694516e-01
7.269713694630222101e-01
6.108308614275075321e-01
8.023434236537633213e-01
3.248013770431537051e-01
2.981262521040214941e-01
3.873441062750589969e-01
3.900040824965658182e-01
7.528481444070242445e-03
-4.763321309689954042e-01
8.181873256489718971e-02
4.718599337824580520e-01
7.834912067786805601e-01
3.639831239872043378e-01
-1.676280752724998990e+00
-1.849925097768465587e-01
5.197545062087497447e-01
6.540728951420968773e-01
1.365267978417041839e-01
4.249225102634984763e-01
4.384237827545427457e-01
4.672066556358538403e-01
2.571023553480125678e-02
3.116184241521522402e-01
5.225481680534614926e-01
4.230902393503087611e-01
3.176895124315434193e-01
-2.389008947255766291e-02
-5.440022672161047845e-01
-4.286282119716848804e-01
-9.216668459819232773e-02
-1.096343414356564683e+00
-7.645796994817070091e-01
1.961455403961384625e-02
-5.975111230273564278e-01
-2.589089800901963057e-01
-2.443005855038598850e-01
6.070357541925008871e-02
2.472741916435869380e-01
-7.378185033413676708e-01
-5.584810029549900356e-01
1.719436255108097722e-01
-8.623131274776379973e-01
-2.056625172841017868e+00
-2.148986285232558302e+00
-5.685597539143997237e-01
-6.064126420885315172e-01
-6.849978807510481715e-01
-1.651731469542851105e+00
-1.102766457529364974e+00
-1.030076894208385108e+00
-4.213305191444096653e-01
-2.566580746037104177e+00
-2.222063828944705666e+00
-8.915648208738065073e-01
-6.258091853052463183e-01
-1.350339050572049615e+00
-1.118354338928090885e-01
-8.972888014596104578e-02
-1.993942515551504480e-01
2.716088495698352201e-01
4.312204716205634281e-01
2.129543166144599042e-01
4.853931666848179116e-01
5.895794415173674641e-02
-4.103197414456761227e-01
-1.140609698058442145e+00
-6.630551538401402434e-01
2.644905949666621070e-01
4.007367593210959811e-01
4.449218660632378586e-02
4.141053138378099074e-01
3.838497029397405225e-01
2.682976858559016908e-01
3.553007716664262072e-01
2.684233670808600647e-01
8.677098391282661582e-02
2.327719698008997584e-01
-1.570766678024430874e-02
5.676731091443423804e-02
2.933036910866196889e-01
3.461863868476328654e-01
4.738411111460218983e-01
2.565878447668730744e-01
4.702117479287845625e-02
-7.491285686781923303e-02
3.609819690066013997e-01
3.391131144855585866e-01
5.407900112413615012e-01
3.393463033402357998e-01
3.298587743424387098e-01
2.824396953856536663e-01
-1.619598852384600551e-01
-3.209413994079268750e-01
3.250114977251167270e-01
1.894699677331969645e-01
3.365430956851777067e-01
-2.812685933534894156e-01
2.058321423773403769e-01
3.322386064137765604e-01
-7.870756526604176795e-01
-2.299800523716332812e+00
-2.383277460899484002e+00
-1.993589637224061129e+00
-9.868336720189246902e-01
-9.698188619193295334e-01
-1.750170242058682657e+00
-4.700336685470837272e-01
1.771974686812252120e-01
-6.860849563139689300e-01
-6.272493340167353826e-02
-2.354130672147979109e+00
-4.613850396186717218e-01
-5.082668054001497904e-01
7.936666817392390438e-02
3.308512266172818905e-01
1.253779335565278208e-01
-1.128177929504539545e+00
-2.008533753827836055e+00
-1.779906810282103069e-01
-4.967014453457294088e-01
-3.297878699138442116e+00
-1.291615851623946654e+00
-2.534350791648086743e-01
-5.569388883218342329e-02
-1.010766585068248791e+00
-1.287185943050405346e+00
-8.503510769577729000e-01
-1.030141081297399008e+00
-2.269532381342579175e+00
-1.508239973357990316e+00
-2.181490144464554692e+00
-1.158217325197414826e+00
-6.939684669725918464e-01
-8.002312982025012733e-01
-2.310844357673258187e-01
-7.421650321128685501e-01
-4.570416134178026946e-01
-4.207239459999432829e-01
-4.705513445872043232e-01
-4.500938385273134945e-01
-2.292920704256667663e-01
6.532972978136653008e-02
2.788929033467605345e-01
-3.918900972091787782e-02
2.637236227155467794e-01
2.568713737201128722e-01
2.547273233597929232e-01
4.582426205183234291e-01
4.932574272846576013e-01
-5.425206959622096148e-02
4.223181021793899204e-01
4.452536412084738826e-01
3.141593432052224855e-01
-5.897452720416647143e-01
-1.129715225160117686e+00
-3.091244279846183662e-01
2.153237611502531457e-01
4.464576448632981420e-02
1.580888922022364307e-01
4.760290191530820447e-01
3.049798952167067645e-01
5.347251592072461701e-01
5.363500843795182549e-01
8.256566827732352287e-01
3.192370567191448738e-01
6.371116224152503227e-01
8.534102098909227552e-01
-9.264206858065623940e-02
-7.627412719037179878e-01
4.200018645122925998e-01
6.866042654365470677e-01
4.121334565680279116e-01
3.050638534075694741e-01
-1.535913719584950377e-01
-7.086617283184175609e-01
-1.262450770975370506e+00
-1.672140414218579452e-01
7.122204089690378770e-02
1.118250287599797388e-01
1.175403842538809418e-01
-7.657187327892911455e-01
-1.965033324500581102e+00
-3.339326090954601867e+00
-2.073329771189537762e+00
-4.535549974097898285e-01
-5.894918309260321898e-01
-2.142258107763237440e+00
-2.011606137547494288e+00
-7.556813983316101879e-01
-5.876704962401112509e-01
-9.917469995272494288e-01
-1.375258303368402935e+00
-1.866702740068095778e+00
-2.810842383938190192e-01
-5.033433167211602832e-01
-3.385641894844001465e-01
2.134355031935369906e-01
4.268889627545066068e-01
3.914851511800884198e-01
2.052958421997346794e-01
6.551662290487817453e-01
8.356678250261796448e-01
6.820518889469420198e-01
7.106116350046203234e-01
7.481074259542461746e-01
7.978413645199267101e-01
7.505200192398586712e-01
6.364602897429181283e-01
5.237367178631396891e-01
-8.545801819251281906e-01
-3.212588054463079434e-02
2.437396730797742328e-01
4.660493358192651092e-01
3.090369270283367387e-01
5.941820407416009697e-01
7.610086064556673691e-01
6.553463158124170906e-01
4.712466252338068928e-01
9.743602741230666942e-02
5.550284502945014298e-01
6.604012644819504674e-01
7.678095098863811918e-01
7.104882123403095662e-01
5.925651664969430188e-01
9.677505459467926618e-01
1.104873628749590164e+00
1.220349873096507221e+00
1.249630953769311770e+00
1.103202416845001643e+00
9.405762403486818135e-01
7.239883043706042409e-01
6.144205556933759471e-01
1.341371119301819625e-01
6.428440659724618533e-02
-1.688718272521824715e-01
-3.586509870846120163e-01
1.278562533605671625e-01
5.596974031290070650e-01
5.979924491286433552e-01
1.757735527863727443e-01
3.148508317571566129e-01
1.639637663206653939e-01
5.135878170909585760e-01
4.953186284914835591e-01
4.198406391349633893e-01
3.464147979906746500e-01
4.307200937789891215e-01
4.963956057514515852e-01
5.397344389061274894e-01
5.552221900691025613e-01
7.392262041152555252e-01
5.713589338692767194e-01
5.521116168640527455e-01
-5.023675406558795187e-01
-9.446484042193755704e-01
-5.799925951624045756e-02
1.807516373030315093e-01
-2.543292123058770171e-01
8.113146042468077912e-02
2.616499747628669992e-01
3.880696235315383991e-01
3.581270092183235221e-01
4.100193365580461213e-01
6.041824920614624617e-01
6.899259206394722233e-01
4.584987216398813681e-01
-3.099140664623628583e-02
-3.074853260855784920e-01
8.825942308923612201e-04
1.464939420598104225e-01
-1.086467895453208238e-01
1.379621699125186396e-01
3.543468531468517146e-01
2.893422269190115137e-01
3.287336481224070739e-01
-8.956054336481944489e-04
4.277156724633280893e-01
5.216664114994562507e-01
5.468766301593985801e-01
5.833040734725335463e-01
5.995519294342853689e-01
4.682572686555460661e-01
5.734471614493622527e-01
6.082777845602844735e-01
6.082101942871238620e-01
6.483434676434263189e-01
7.457387735086323799e-01
5.589696390485966448e-01
3.054897718093540493e-01
2.547154642259081281e-01
5.486988438289488457e-01
5.799969749353723891e-01
9.426089002450693810e-02
-7.867309855250497197e-01
-1.090286498317590003e-01
3.312515837073984892e-01
3.220049478685632072e-01
2.966915359668912955e-01
2.465755298858193778e-01
-1.549345443438508718e-02
1.748955035072259911e-01
2.653702531491052286e-01
4.358161921020424767e-01
5.545643160442478292e-01
4.778168301629990289e-01
5.207909859445177814e-01
6.399933866806889471e-02
-5.426921755871916275e-01
-6.239934734589819287e-01
-1.399364063612784204e+00
-2.591047090648505247e+00
-1.193275613220504905e+00
-1.472360335568955736e-01
-4.545641813302118972e-02
-8.571227456678492951e-02
-4.407895188623861538e-03
5.130387060439584035e-01
3.231056375685693594e-01
2.951280482661385318e-01
6.696408843644918729e-01
-8.792613849659063341e-01
9.515216382355881630e-02
6.118835025205537903e-02
-3.415578315097231865e-01
-5.189836432483423134e-02
2.413793601515827891e-01
1.689930223276269183e-01
1.608234985954815621e-01
4.520256752977305226e-01
3.644887978882885848e-01
4.083845337764900885e-01
7.891881089713790320e-01
-1.056076158727044245e-02
3.519684317944823393e-01
5.310184178598964522e-01
5.860078761001772385e-01
1.668859471742666356e-01
1.888155554668751734e-01
3.239048663032315090e-01
4.269951688941800994e-01
4.105775517429957056e-01
5.197129843280757777e-01
6.842249354647667037e-01
5.094268007477235072e-01
6.738650579423817177e-01
6.478050522698760583e-01
5.748729326619268498e-01
6.915883090838681468e-01
7.776359049965647641e-01
7.251412069931121307e-01
5.014778464366344002e-01
3.609583108903194892e-01
4.731371702139859359e-01
3.592060971999906926e-01
-1.165354463697542003e-01
-3.174219294593323415e-01
2.210087107583077470e-01
3.261087807447501929e-01
3.564098373646729101e-01
1.447633451238042324e-02
2.149197204068745148e-01
5.402171580349252045e-01
6.578225725950277436e-01
6.878528775570392773e-01
6.805115609193246318e-01
7.168150459000713903e-01
5.984653889602175036e-01
3.674881396679957613e-02
4.597100418966802993e-01
5.674773010133006279e-01
6.973340030288143199e-01
6.084357314517808701e-01
4.403145372234608113e-01
-1.638070011371872692e-01
-3.560787207098415896e-01
-1.114122696625499120e+00
-2.343185553088504403e+00
-1.338296410162974848e+00
-1.371126585749436744e-01
6.749607023765397118e-03
-9.507906360378617361e-01
-1.941923875388749665e-01
5.682866823504068021e-02
4.378021979985247114e-01
4.783937780501186232e-01
8.781647121559896796e-01
7.660194696032431860e-01
6.809416455410356450e-01
8.536250748875421346e-01
5.710721513144909611e-01
8.316198188897909738e-01
8.572042671723926199e-01
1.022473130406149178e+00
5.251529541039435811e-01
8.562062159676139261e-01
4.849595561028849922e-01
4.001643348656200860e-01
3.326290745906497204e-01
4.391710185783723741e-01
3.816532453904065703e-01
6.647391253552820123e-01
7.254254115844219752e-01
5.142924215803544863e-01
3.578420830425619870e-01
5.271548650911797029e-01
4.744570009569264446e-01
3.121260974051574544e-01
4.354031441788527301e-01
6.268755756471345864e-01
4.394087394095664845e-01
1.288678788998890434e-01
1.337752488106697113e-01
5.301123575643500452e-01
6.499110270189571992e-01
4.017841639452547353e-01
3.311262745616941894e-01
-2.123329020417218105e-01
-2.297647992430891517e-02
-1.159785285045000086e-01
5.078098326830977616e-01
5.769406067418059170e-01
6.185691471079782788e-01
6.079825884365172017e-01
3.400066496518526771e-01
3.593998996787861611e-02
-8.943248767136731114e-01
-1.278659271966280819e+00
-1.353956694498066327e+00
-2.120040179191833740e+00
-2.274437862037552271e+00
-2.568434650069377323e+00
-1.474063063923747752e+00
-1.112028335883913144e+00
-1.096181964041264445e+00
-1.350169714571920476e+00
-2.074415044746926728e+00
-2.905337522999269950e+00
-2.742109939287662446e+00
-2.104193991233691552e+00
-1.724331311304672543e+00
-1.991370724987882035e+00
-1.787544365310492989e+00
-1.361253307203543539e+00
-1.330030712340418919e+00
-1.768527615435869560e+00
-1.810734576737960566e+00
-1.866909110050027909e+00
-1.396046539291778465e+00
-2.028003480755943055e+00
-1.497850438375983195e+00
-1.139121269160998207e+00
-1.009132478539080946e+00
-1.139422951573178633e+00
-1.097628581612376530e+00
-1.548079085300486657e+00
-1.728193256440778480e+00
-1.642648169093619881e+00
-1.670196867916511341e+00
-1.439401660530930549e+00
-1.014696722187047317e+00
-1.118718829021912775e+00
-1.063167903961226735e+00
-9.172608942315428893e-01
-7.748065065137278440e-01
-3.927107122912761317e-01
-3.948874049031334543e-01
-1.221337331571894058e+00
2.419278932694309270e-01
-1.047465193222407720e-02
-2.360687695138113940e-01
-1.112299120572952882e+00
-2.388589889339908012e+00
-1.277477840170114121e+00
-2.122397449233563993e-01
-2.815670053718029309e-02
-4.575520525644947156e-01
-6.107979122138351702e-01
-7.263777836564468959e-01
-1.093842629946440298e-01
1.299353303331336751e-01
-5.411442861376649649e-01
-7.860693829544661559e-01
-8.240496601094892126e-01
-1.300014370236445060e+00
-7.270365174569396460e-01
-4.641306736125725418e-01
-3.121436536152718544e-01
2.182331275896737255e-02
-1.087759001135192027e-01
2.185150922449869970e-01
-1.016495632604034416e+00
-7.988431192966087835e-01
-5.814216759280432800e-01
-2.532293333607665176e+00
-8.224484864091592407e-01
-1.528431394966578871e+00
-8.182809931238405055e-01
-7.429077248289749358e-01
-5.301596180532373026e-01
-2.956638110444376633e+00
-1.689485395235193810e+00
-6.059734534070528866e-01
-1.055754962752300852e+00
-2.412621533655620265e+00
-1.851081699839004280e+00
-1.674511976056130891e+00
-9.532973435270614138e-01
-5.302358545332808148e-01
-8.613437180322982556e-01
-1.648074323545083431e+00
-3.038468685730121077e+00
-2.831601232915342159e+00
-1.314266448864144010e+00
-5.910326296126016121e-01
-1.864448984325407732e+00
-1.828073138577679835e+00
-1.981879153881321298e-01
1.371722551577899685e-01
1.409501976162350623e-01
-2.807312820443621515e-01
2.896493151925689236e-01
-6.977300686872355273e-01
-7.834782751707741744e-01
-1.302372868676238582e+00
-2.100782110079303155e+00
-1.019489469458791264e+00
-1.251327708053247445e+00
-2.765971265092300735e-01
-5.372201648644123750e-01
-4.422942279570237223e-01
-5.245132204610385429e-01
-2.804174728079976142e-01
-6.037343178882430550e-01
-8.882878326893174359e-01
-6.308000127868299556e-01
-1.131024385609831484e-02
-1.174324717069658297e-01
1.591335346548736207e-01
1.041803251325123802e-01
4.887043655500862283e-01
1.905323706456881760e-01
5.748215590015925969e-01
5.667070737997891294e-01
-3.530910185427392767e-01
-2.254545058579504602e-01
-3.148937224508061572e-01
1.361603719596585216e-01
-1.046948904817767978e-01
-7.227671501420901423e-02
2.170865113561371573e-01
4.735928438954725150e-01
3.762858163804455591e-01
-1.627657273391930337e-01
2.741963581859411248e-01
-1.480498522934988737e-01
-6.933448107746362221e-02
-1.638896089986448423e+00
-1.171961997306133763e-01
1.824257941943987493e-01
2.823453532357211304e-01
4.251981079451067069e-01
5.262085067749689982e-01
5.971230282554158553e-01
3.602456375580899706e-01
6.822596519522252656e-01
7.118801401892727032e-01
3.247729154008219266e-01
1.377193913211540166e-01
6.263720954975365851e-01
5.742889379874367428e-01
6.976260387980951494e-01
5.170780789482886108e-01
6.210422956422598784e-01
5.950906183387060233e-01
6.796509332042883766e-01
5.127487511868507042e-01
4.597644534020040030e-01
-4.211256798893250330e-01
6.548145362546767823e-01
7.780700936193105655e-01
6.688774781745199238e-01
3.118043212748037862e-01
-5.053021854935291213e-01
1.737492498433425014e-01
2.953031186532266150e-01
5.191610217691635665e-01
2.087017257658302372e-01
3.415565857667660077e-01
-8.375934677275465035e-01
1.061582499442329797e-01
4.519840970739360531e-01
5.756886745934359784e-01
4.396101300228629771e-01
4.816948330441076509e-01
6.406416798078286012e-01
4.514966080175611962e-01
6.462559487771626365e-01
6.340286144980159522e-01
7.421480013846608603e-01
9.242603960181533518e-01
8.701827941003306144e-01
7.431502963056619837e-01
5.900475272592596854e-01
3.767097133410626242e-01
5.124904560752989724e-01
-1.234616802629445592e-01
-2.889164028202867440e-01
7.291922979875437028e-01
1.259313430807280199e+00
1.577085074889076122e+00
1.610867242121596377e+00
1.684013679623999948e+00
1.503401402157189981e+00
-3.433133369947562463e-01
-3.914673778108509694e+00
-3.195273688759140196e+00
-1.707030232774569278e-01
8.469700789953080733e-01
1.069425944444466481e+00
1.464901107115538892e+00
4.465665745211920834e-01
1.522562800029719110e+00
1.482512043920665157e+00
1.009331858659808567e+00
1.006296064977578730e+00
9.781522861333159513e-01
9.225985202770800031e-01
5.042581693333479942e-01
7.703654195646819636e-01
9.672346887562736084e-01
1.386030230843231514e+00
8.892255408634536229e-01
8.033343512067696590e-01
5.833738927849356770e-01
1.567967390443816833e-02
-5.868067066062707671e-01
-1.355623401679240558e+00
-2.832190740263792694e+00
-4.959297772275861327e-01
6.269573662846252837e-01
6.942839877848934194e-01
6.292044859295462533e-01
2.407969069518848260e-01
3.941710389085051336e-01
9.073794091657269023e-01
1.089155580329416395e+00
5.801546550217643317e-01
-1.878141894125169298e-01
-1.283644839690566641e+00
1.335505746652450587e-01
6.618048773795315309e-01
7.091236896900637854e-01
8.543053896150312188e-01
1.020651856868253216e+00
9.074648947496642970e-01
7.241283490738044115e-01
1.070826404887443850e+00
8.097125999114600514e-01
7.831239857420033701e-01
6.620575827367349842e-01
7.247162292566142749e-01
7.432273478165455360e-01
6.907717278735756583e-01
5.640434086130295954e-01
6.098458195541323068e-01
9.292878062301231923e-01
1.017088862463198407e+00
7.975852705681502064e-01
5.734831206295407657e-01
1.837767599115119332e-01
7.173308870388472869e-01
1.046004869475701593e+00
1.145523248380335257e+00
1.198629564726085395e+00
1.463131952135411140e+00
1.416922545165804070e+00
1.343825665145539805e+00
1.126928685803448627e+00
9.579758677774380393e-01
1.090908998822015252e-01
2.833138813660590061e-01
7.201044464757362373e-01
-1.486045218398874268e-01
2.684428117006595893e-01
1.489823184752518404e-01
9.552105501043107738e-01
6.277005080103441603e-01
-2.353512158891600592e+00
-1.332999147922118155e+00
-9.886662426647875590e-02
4.202764552507500806e-01
5.815235879996735191e-01
4.873289398353486401e-01
2.390065304790474077e-01
5.340167919498226556e-01
7.636545391844719033e-01
6.674817155182315442e-01
3.805239315861627114e-01
3.087425969104415358e-01
-1.159799293213917282e-02
2.742642257619756774e-02
-1.119341366960705936e-01
9.632704534687441811e-02
-3.274118686110558119e-02
3.605290594464062859e-01
-4.050820383222636378e-02
3.149683262988400845e-02
5.919981446456955565e-01
6.536104114852371305e-01
5.036412010772978176e-02
-8.725939678897352003e-01
8.646579760772291068e-02
-1.016324570554308249e+00
-6.583295645336395552e-01
3.515580783160837663e-02
7.826845170779497818e-02
2.623639164929940648e-01
3.477011609719392604e-01
4.672573732440877814e-01
2.743900559423344543e-01
-1.376995493227894662e-01
4.009281084475254664e-01
-2.712545201214660029e-01
-2.354372254478788729e-01
2.250592596869531725e-01
4.175720039593618926e-01
6.518621246249851620e-01
5.444866216090393785e-01
8.200876390796884019e-01
6.409202532707974909e-01
1.054230207194613578e-01
5.086734232324722216e-01
-4.609301727405017979e-01
-2.530354056579475763e-01
1.946605600801333824e-01
