2.044321928845978242e-01
1.686814207465406057e-01
-1.712338034064870562e-01
8.021752816736031633e-02
2.953247059707608257e-01
1.316665768810632298e-01
-4.105769359116339529e-02
1.269335751599612594e-01
-1.157342437304226257e-01
2.263345871186837888e-01
-5.194859917734070409e-01
-6.855094548017826028e-01
-4.256908590186427865e-01
1.768714175525145649e-01
-3.033988684891736898e-01
1.056541790293928501e-01
3.207851909564707893e-01
3.144863855817500720e-01
2.309956575212685215e-01
5.297581214178754827e-01
5.242886450759796091e-01
4.861757124942227004e-01
5.493878604370084906e-01
5.982363781274636638e-01
7.733325670221175008e-01
7.377880833933471161e-01
8.378244093978778340e-01
2.922338531874499323e-01
2.641367986232127651e-01
2.173573379535732319e-01
8.975362628350080918e-02
2.984484638013575331e-01
3.206448291796397676e-01
5.721520098167997004e-01
5.205445872589605782e-01
2.318482411898040718e-01
5.737169041109501100e-01
2.625712999799909020e-01
3.384052407362743153e-01
3.252775865616494566e-01
3.468278843927171118e-01
8.050090473357247589e-01
5.462677534517975664e-01
2.863652450034336883e-01
2.857044721367009710e-01
-6.942904795886663261e-02
2.888795944319966225e-01
3.864297258412771607e-01
4.457314838963857828e-01
3.666300567182387282e-01
2.411185271294754087e-02
-5.010987435547046946e-03
-2.001539688047784260e-01
2.782463715526013459e-01
-3.815805256181170613e-02
2.815572755969064089e-01
2.175302936025366451e-01
6.758421627984326219e-02
5.290282265919238336e-01
6.991497653268522461e-01
5.226867803824083447e-01
-6.486628680677521130e-02
-1.368846438958503386e-01
-1.187682249100431991e-01
1.512577257823005950e-01
-3.829393840074752364e-01
-1.768649254579519603e-01
-3.010769273980004046e-01
-4.579905422254339498e-01
-5.435118764253824564e-01
-1.221732535671819914e-01
-3.237101350451404014e-01
-1.402344204380135129e-01
-1.326540420900715056e-01
3.505238730782182510e-01
-2.612601467843043701e-01
9.344071413659521541e-02
4.955585732159329404e-01
6.142145288523145341e-01
5.547393230323665048e-01
5.455092906936721553e-01
7.924607820915584577e-01
6.053655676228847371e-01
3.222379622236058450e-01
7.851921281023540589e-01
8.802406137776136452e-01
9.483591312387661398e-01
8.675681213483429355e-01
8.338409651176291737e-01
8.920037488891439104e-01
9.409718553936992080e-01
8.572568362164569855e-01
7.627427880771896485e-01
6.658154383111857255e-01
-4.865127715489776100e-02
2.958427485848506566e-01
4.983107571601261832e-01
5.451622767713376616e-01
6.037041446175551718e-01
5.931703295461031589e-01
7.648396852827712422e-01
6.169098550020506444e-01
8.100934750340593737e-01
5.637711288685026689e-01
7.487000892290427423e-01
8.318983115389002592e-01
8.998680810687895715e-01
9.454164637248135827e-01
9.304214609916496848e-01
7.103364536754748215e-01
6.988783423937566797e-01
6.609065104372532362e-01
9.024300568236885978e-01
-4.013655770850221849e-01
-6.254369414847572584e-01
-5.996196831418311168e-01
-5.877484125983984953e-01
-4.897927542324198025e-01
-2.512221625583933582e-01
6.672606551960832966e-02
1.928362758915776742e-01
-1.085513653454216049e-01
-4.566851449822110776e-01
1.341916019476662170e-01
-4.618833293837160126e-02
1.946210147731624318e-01
3.441810979411742966e-01
7.292266688206011649e-01
8.135285742295449429e-01
4.900005507474440858e-01
8.694844597733834002e-01
9.938435691773565006e-01
9.909802677163868090e-01
9.322993606553601209e-01
9.187429423557719188e-01
1.036778216832919819e+00
7.990301253787516211e-01
8.161828734566135557e-01
1.038220007081593010e+00
6.095417056671482703e-01
8.665064734216842979e-01
-8.195045304732637703e-01
-1.314340343858115601e+00
4.932184125090653404e-01
6.370005482669177654e-01
-1.390498488295628166e+00
5.367025511267849991e-01
2.898890365616296205e-01
6.135669698389629723e-01
-2.360919693757217441e+00
-2.744838197803751267e+00
-1.540180368105981801e+00
-9.171848989171741406e-01
-1.870764399086865204e+00
-1.905681252889531718e+00
-2.529200435752807952e+00
-1.989833829317444014e+00
-1.669912711163842323e+00
-1.803431557483740066e+00
-2.376880057852464478e+00
-3.072263316270316125e+00
-1.708165814080982114e+00
-4.431935424289664138e-01
4.299923132031199802e-02
-2.660108540114573539e-01
2.027046829586054144e-01
5.779295299549547238e-01
5.908053687806765764e-01
7.187864596836206488e-01
8.449544474020008744e-01
1.081583487747970196e+00
8.132310382720243647e-01
3.811405076319663299e-01
1.129928811070871175e+00
1.125373160025542774e+00
8.812373567090641124e-01
7.671950726249748831e-01
1.002798551353746737e+00
4.044363896195841690e-01
9.609598372593959326e-01
7.732983863122703250e-01
9.997809942873391309e-01
1.029510534617874784e+00
-9.696362406725504701e-02
6.802185458123798378e-01
7.124313698636131065e-01
7.606711373164959378e-01
-3.244122419356367665e-02
5.818018049833708627e-01
5.040820872988910351e-01
5.846055618792184161e-01
7.696068608298559655e-01
6.165930352041517626e-01
3.771866450320636166e-01
4.422920302954707061e-01
2.067187673389236091e-01
-5.581825982776709300e-02
2.125013842792660423e-01
-7.930022258040047012e-01
5.710795782529170389e-02
-4.406332412604794246e-01
7.611712073354258423e-02
2.319985696961136268e-01
-5.233093466756290058e-01
-5.575810468579901480e-01
8.637338487486796723e-02
-2.598499297530191821e-01
-2.498921827957942821e-01
-4.083674272374042680e-01
-8.383745148418184634e-01
-2.497565759184513734e+00
-1.157056209490451293e+00
4.685108360327455701e-02
1.978451837162577276e-01
-2.443194101981933583e-02
2.707015014755644322e-01
3.148351805270858117e-01
3.302065531164829482e-01
3.652088393920174814e-01
2.869482141561965349e-01
5.978527447612306256e-01
8.684469472357996267e-01
-2.583053178939231920e-01
-2.428199180726811957e+00
-7.083502167139759109e-01
7.852655247496650448e-01
2.770861579073354286e-01
6.779436273232081200e-01
3.119384538328846546e-01
-1.031922217974828165e-01
-1.733107641031556012e-01
-9.580698009250937508e-01
-1.993515196764820585e+00
-1.679439252450459108e+00
-9.864335588570297686e-01
-6.669134556632810851e-01
-1.006011276090741369e+00
-6.648344413438735112e-02
1.274506213639355458e-03
8.645069661862392341e-02
4.337357294473500047e-01
4.190685401622418760e-01
-6.076154256108118323e-01
-1.659448314590996842e+00
-2.153869952423612233e+00
-1.235715894366894219e+00
-9.788423584501376729e-01
-3.243865327163931722e-01
-9.162163927158483157e-01
-3.216472961714840206e-01
2.240793827449066022e-01
6.057000139991507437e-01
7.000623149080799357e-02
2.411157623742734568e-01
-1.101695926071179166e+00
-4.864418524368666757e-02
1.014099295685664953e-01
4.453094178885927401e-01
-7.519795150954671215e-01
1.557546985416226326e-01
3.867866627053769268e-01
4.551587468202990538e-01
7.402809411315619537e-01
1.883125037292619763e-01
-2.375924333125004340e-01
7.519065320576130418e-01
1.156445971310416931e+00
4.967289428262837148e-01
2.607612286867266316e-01
-2.414346693941471500e-01
5.985542031622395065e-01
-1.453095717434895739e-01
1.056018955729945280e-01
8.578231340200676014e-02
-2.745631609456253841e-01
-6.562867316464029432e-01
7.801677209266426327e-02
-6.749086923240502633e-01
-8.662548675022536671e-01
-1.112910072534471828e+00
-3.592189398887425944e-01
-1.058534765087338236e+00
-8.331159071825289253e-01
-1.076744589913646521e+00
-7.215938721284661517e-01
-1.118440981587613070e+00
-4.960428825790262342e-01
-1.013956533197480497e-01
3.557414158350760691e-02
-1.256974652058985953e+00
-4.999110246042424710e-01
-7.156543126545039657e-01
1.336304566616946243e-01
5.659550839023851365e-01
6.929147816344206900e-02
2.391094982839793992e-01
2.398320826580341569e-01
7.161075187231554784e-01
7.635953847383075699e-01
7.970385497548656550e-01
3.213835231385221425e-01
6.096843813268555401e-01
5.545818450658956261e-02
-8.906419840599765214e-01
-1.471690246712914041e+00
-2.365772364440880349e+00
-9.669762481712221858e-01
-2.591257374268893798e+00
-5.336099346794516141e-01
-2.662314635057485557e+00
-1.497228473437616003e+00
-3.919885929514658751e-01
-6.791034168688643291e-01
-9.988121552657384938e-02
1.581672378290173986e-01
1.623698754754505369e-01
3.545852173458185486e-01
3.197656097320714652e-01
4.016273441439475178e-01
2.731588951797572773e-01
-4.183765933121641467e-03
2.511546399891068093e-01
6.288459517497007045e-01
7.902210156786629858e-01
8.632706096107751748e-01
3.357312854923763523e-01
-2.338459524014480539e+00
-4.304111195290962200e-01
7.060132829779973418e-02
-2.544720820612035528e+00
-1.915800879160460823e-01
1.457386440011340933e-01
6.514639942469355183e-02
5.225140775853970992e-02
-3.402219044992899621e-01
-4.197032936608893761e-01
1.084393495350805675e-01
2.990509988020260690e-01
3.432161696671228168e-01
2.536398745167229296e-01
2.049261870395772123e-01
1.925194278301151918e-01
5.633976139290778340e-01
7.279089506238668461e-01
4.441574149817104633e-01
7.252165601692430741e-01
8.676483369911194288e-01
3.602799670648850761e-01
7.144567784515162279e-01
3.556578667645992620e-01
3.804511598011249274e-01
1.258002667701735022e-01
3.926444441607734315e-01
6.922740601787057413e-01
-5.925740049472421056e-01
-4.886182106407894188e-01
2.041796845608978561e-01
-5.277648523622665566e-01
-1.538527875422851798e-01
7.205615975240178273e-01
7.600677011294862950e-01
-4.808332587643346923e-01
1.535090291630762660e-01
4.506858850553532303e-01
2.107628966112327362e-01
6.941047296478783935e-01
6.150652365340115724e-01
3.857896870740201156e-01
-4.041923363753782694e-02
7.463366057305392820e-01
1.558942193907373763e+00
2.526520499784033480e-01
4.510882642576563573e-01
8.541544227816478818e-01
9.085671179994010416e-01
9.602652734032788295e-01
7.168146589321761075e-01
1.002851792233698136e+00
9.195452324792547927e-01
2.262926269329930962e-01
-2.270773530901794290e-01
2.407276840500568171e-01
5.926130901594958145e-01
6.717920378028142681e-01
8.194854873580968979e-01
2.667550854330595356e-01
8.212350531268222120e-01
9.122747440809257924e-01
6.559964516039090698e-01
8.699662385386494057e-01
8.479774124452893469e-01
3.658125034246512697e-01
5.702241189753231021e-01
4.036159275434549887e-01
7.948878014324849417e-01
-4.695952147803324483e-01
4.063258066984034578e-01
8.122903771704593767e-01
7.273000756611928130e-01
5.050070612086270394e-01
-2.286648049116981121e-02
-6.953159428874586823e-01
-1.710408442141430063e-01
2.411693382304645750e-01
6.261571413222172255e-01
-2.334672626973372245e-01
1.877915631380207839e-01
-8.199928192128767834e-02
-2.370960901831448420e-01
-1.757833130745342531e+00
-1.515822044968324844e+00
-3.705034415308047779e-01
-6.996432181230326230e-02
3.496628013666205348e-01
7.667451053487329971e-02
-4.568366015253356172e-01
-3.397667111231050807e-01
-2.146886598471846597e-01
-2.462427066654070129e-01
-1.624165508924917622e+00
-3.175136885107597284e-01
1.052317543997254995e-01
6.011872534623267234e-02
-1.402574608823777824e+00
-1.217954077048574391e+00
-1.483943868954597844e+00
-1.031388014310584023e+00
-7.356557826151792767e-01
-7.372204469828543827e-01
-1.585087057397564392e+00
-1.922142042057844336e+00
-2.397371177584030288e+00
-1.785178986566339221e+00
-9.088908203461131263e-01
-3.813495687639568144e-01
-2.424924207606190818e-01
-3.597228774511411764e-01
-3.636335205748781330e-01
-1.058282758168469728e+00
-5.278504532899924717e-01
1.407795553745988248e-01
-8.531642850663682109e-01
-8.466101258940909036e-01
-2.220323744527346321e-01
-1.263739436916276049e-01
5.447121906981303718e-01
4.255475119297193465e-01
-8.312165467629050175e-01
-2.056179585022369360e-01
3.774078902289481063e-01
5.787161497856047054e-01
7.160794890784804023e-01
9.232870196889769732e-01
7.051685105703310308e-01
8.012829548028207460e-01
7.925873702798039711e-01
4.995376731378868840e-01
7.148767305292488272e-01
3.343850408903705218e-01
2.673781749661145457e-01
-1.369268528687533459e+00
-1.721763220622657853e+00
-1.347663808747886272e+00
-1.358693005591735448e+00
-1.814654771191287930e+00
-1.133822225593335675e+00
-1.667603608885019628e-01
-1.023996700168147589e+00
-6.819106835482755535e-01
-6.682585406268725103e-01
-7.051617761540889262e-01
-2.367656669646073020e+00
-1.499322943245232409e+00
-6.790235273994923437e-01
-1.510611045032301814e-01
-2.846322203107984339e-01
-1.608020992728130816e+00
-1.289841068925847933e+00
-1.276033779952956637e+00
-2.193499347978292047e+00
-2.252479255980590622e+00
-1.582891626599372659e+00
-2.275718235239569953e+00
-2.787469435939133433e+00
-1.388995584472365152e+00
1.834748373187812531e-01
3.917673498986449787e-01
1.258505228448564550e-01
-2.504164298136866695e-01
2.398781329563933751e-01
-2.059348901095884032e-01
-3.767761276079296257e-02
5.576946970507424828e-01
5.053464204606522570e-01
3.537342819876752031e-01
6.063568354578684483e-01
3.309288308300875059e-01
5.711288350058690844e-01
4.175054703118124544e-01
3.752832479838691948e-01
7.727666759626922177e-01
1.871743524087348953e-01
-1.422578500777966548e+00
-8.997651261345170903e-01
-3.204695146764894864e-01
4.346555868236878090e-02
6.007711207977436269e-02
-8.823895719486142264e-01
-6.684371314411895471e-01
2.980246006996293828e-01
-1.941924489499572415e-01
6.392434441413911150e-01
7.355519926818473442e-01
-4.483246155109377185e-01
6.765361993364938931e-01
6.234649110967273034e-01
7.604888462316958808e-01
1.088567945672617832e+00
1.097634088327384516e+00
9.420731213485588063e-01
6.895773216574060394e-01
6.908901838376756421e-01
3.476530456033508076e-01
-2.923302628955323779e-01
-1.573458204536328786e+00
-8.890067754906217923e-01
2.182375685612931993e-01
5.976894956259690694e-01
-1.599762429023335875e+00
-7.316951419122229572e-01
-5.258927463856628570e-01
1.979511424252681506e-01
3.060570274799110368e-01
3.537353479355089259e-01
-1.692565843890558419e+00
-2.513558864873207011e+00
-4.017746099543225147e-01
-1.710527665327649105e+00
-9.282658258449155708e-01
-1.867191559877455331e+00
-2.944693431067258782e+00
-1.119620478690984688e+00
-3.885296145396738843e-01
-8.883815399026574466e-01
-3.968648238975871489e-01
2.886130395212134214e-01
2.386794632475637001e-01
-2.038159954447988087e-01
1.925370285285476768e-01
5.671193207318337981e-01
-1.435588431356760175e+00
-5.162475330223379455e-01
-1.985008543277232140e-01
-4.955608678012173307e-01
-6.465682217832279255e-01
-2.185438190479203069e+00
-2.784985190930622689e+00
-1.880553420869364389e+00
-1.094458108588625800e+00
-7.549818810988225826e-01
-2.814113055663409191e-01
-4.085450031435682305e-01
-2.280858450316708641e+00
-1.458161382753625501e+00
-2.760289873045997378e-01
-2.047333579291914507e-01
1.367505233228178962e-01
3.535525940507195375e-01
-3.685330310806146925e-01
-8.012000543787163309e-01
-7.712482974261393176e-01
1.994988183133743487e-01
5.267116827926742184e-01
2.248933326722730996e-01
3.510816494403579124e-01
-4.223296390790127752e-01
2.241984370016530670e-01
-5.441677401135130987e-02
-4.535306029276296030e-02
-1.663966226669914839e-01
-5.429438932103881621e-01
-1.522103704531529322e+00
-2.214595407982419939e+00
-3.128370735542778558e+00
-2.660099750424428144e+00
-1.374307458858872844e+00
-8.738683715480539682e-01
-1.737785573492290903e+00
-2.331687484251736553e+00
-1.418898756543401696e+00
-2.044188516805383937e+00
-2.511056407425130477e+00
-2.141134215673867747e+00
-2.218555327947626221e+00
-1.811632942768741872e+00
5.641348709060365479e-02
-8.037721376645929894e-01
-2.556610544281237574e-01
-1.627150040705538092e-01
-7.648658775496818274e-01
2.438140879246224746e-01
-7.228840042857938297e-02
3.548943882150923379e-01
7.133543756242047840e-01
7.483274354937304862e-01
2.813096245320952926e-01
-1.000637374909471022e-01
-8.987561696410061307e-01
-2.540075830065020024e-01
1.536302911026935780e-01
2.794811533161265515e-01
2.041824277399209020e-01
-5.298816928422298567e-01
-1.249467770047371529e+00
-2.246588537653036344e+00
-7.722570977405168735e-01
-9.991777251218439959e-01
-1.002667463976656181e+00
-9.194778941764506497e-01
-1.638770625855544338e+00
-2.349810772914831425e+00
-2.874626828044121840e+00
-1.279014067861401704e+00
-7.586339971529810766e-01
-8.045261003562670377e-01
-1.709568864177292369e+00
-1.204590345984409838e+00
-1.914443382487480028e+00
-1.625591701802807876e+00
-1.862634472714060907e+00
-9.513174868243012838e-01
-1.098264892114927394e+00
-1.505390089272691689e+00
-1.380307233079585139e+00
-1.736575109432919817e+00
-5.519944350611957207e-01
8.896804926869276986e-02
4.553528383296896465e-01
4.699522094611006118e-01
3.482377529450970122e-01
4.094077576660106743e-01
4.089103842800282940e-01
2.972825045098193564e-01
4.510785076439223218e-01
-5.353305256325954220e-01
-2.510893051668257048e+00
-1.459327929607481922e+00
-4.970145428129599252e-01
-9.902427630654608848e-01
-8.866060916716521634e-01
-8.224002797547155241e-01
-3.653624245378135904e-01
-8.991488845921371542e-01
-1.014819784656227020e+00
-1.073277623201843722e+00
-1.870942720487009714e+00
-2.654979953794689429e+00
-2.599905397938532925e+00
-1.922275560356747404e+00
-7.041643082654481800e-01
-4.379703836477379375e-01
1.008419826560911919e-01
-2.861259830293558237e-01
9.003560312073681515e-02
1.689207909982922695e-01
-4.166053381483813545e-01
3.493251313827122617e-02
-2.386107607713019441e-01
4.255383857736178554e-01
1.123561800396695731e-01
5.047420835358792379e-01
-1.498888317574097184e-01
4.484006771924588519e-01
5.113342119502379823e-01
-1.455024113695690957e-01
2.166452176074192826e-01
4.514681620383746985e-01
4.739427917182544303e-01
-5.978909680460274823e-01
-1.610152804078593958e-01
1.621149463473537111e-01
3.920491971212489157e-01
4.707877437195404635e-01
5.921613621958404794e-01
2.079362061371800297e-01
-2.286351312617071196e-01
-3.403820658329276827e-01
-2.883522604744439555e-01
-3.097082808560573386e-01
-2.721397633303603847e-01
3.031263987108714919e-01
4.284319241413849788e-01
-2.585683531243677669e-01
-5.539210279115088786e-01
-2.239100739212223523e+00
-1.227825250400667451e-01
-1.877440812583341667e-01
1.474633891009891062e-01
1.068309212355699894e-01
-3.834764526501618226e-02
-7.030828691935592234e-01
-8.423716270125353178e-01
-9.831338223119255870e-01
-2.813713528724409718e-02
-3.123631426344585793e-01
-3.800199489278849319e-02
2.189382975824122057e-01
4.903926609637879186e-01
4.396773708993103047e-01
3.080117553239078432e-01
3.365745516248934699e-01
2.240375386616797748e-01
2.627775131178262669e-01
-7.843163042754526526e-02
2.689639787306887797e-01
3.043475281186607817e-01
5.299014260813557087e-01
2.464463045267932806e-01
-2.528969652382624944e-01
2.318819742399345074e-01
3.413848565690719705e-01
2.497256573179858219e-01
1.850082825619290550e-01
-4.448391596215226645e-02
4.715211697716755190e-01
-1.575860848177984552e-01
1.497494326126410369e-01
2.677109932093797995e-01
2.058194987793269259e-01
-7.754789925532327155e-01
-2.535165084326904683e-01
-2.915672749009114995e-01
1.057133167881730978e-01
1.119977661588016371e-01
-9.768680033539951790e-02
7.991135538637599012e-02
1.411380061157653798e-01
-1.559820592687985730e-01
-3.575942628024263992e-01
-4.444937081632487352e-01
-2.897102101613351355e-01
-1.103185187722743876e+00
6.940710732671669103e-02
5.901337424520036734e-01
4.537653803114715667e-01
-3.051569767840930925e-01
-4.761479301445303292e-01
-8.065174892568768295e-01
-3.824622194203737280e-01
-1.651143000229436664e-01
2.185752670697262978e-01
8.196235587542853585e-02
2.138914218527310229e-01
-3.144168554206316912e-01
-2.388878356613740817e+00
-1.612200436138066406e+00
-5.359166445962340042e-01
1.734669700584945129e-01
-3.498437316178314854e-02
4.334213242642690478e-01
6.693084394058666786e-02
-1.965040808029916708e-01
-2.334903309058762033e-01
4.553351386265613865e-02
1.968730882490949963e-01
1.219828981462844908e-01
-3.881535415314089632e-01
-9.788499808137466340e-01
-2.016044675408900366e-01
-4.243600201109908876e-01
1.454096143059357693e-01
1.273368747212922092e-01
-2.496709467627449275e-01
-1.546113479285059211e-01
-2.057970648101614675e-01
-2.118135231928530260e+00
-2.394632636480484411e+00
-1.581527429548670982e+00
-1.530516775263615348e-01
-1.255727268031270327e-01
-2.679055076364353360e-01
2.619097306821907556e-01
3.309831489137164962e-01
5.269613634949176229e-01
2.488898894896288683e-01
-2.762698975328140016e-01
-4.117095693250936717e-01
-2.582387479565229627e-01
-6.433217063569310890e-01
-2.211808407589520353e+00
-1.040269494169990594e+00
-1.065992080208427728e+00
-8.509987786508119711e-01
-1.985741220506020754e+00
-2.462533449213240910e+00
-2.052203879673089038e+00
-2.217402610739430013e+00
-2.331587156962804386e+00
-1.339963619748399504e+00
-2.086479860110393714e-01
2.249587228113105464e-01
2.198410504404877674e-01
3.169473249282757643e-01
2.752409163175072448e-01
2.745055898236136716e-01
-4.710222944311107107e-01
-6.703005314589017827e-01
-1.432048269111411420e-01
-7.650876489192870444e-02
-2.875831770116885067e-01
-1.671365649644344531e+00
-8.727730681393525147e-01
9.665573143523764621e-02
2.700563418728224030e-01
6.057303424139987014e-01
5.516079730695145900e-01
3.013711872440172912e-01
6.015086995530783964e-01
7.195154263342636858e-01
9.169323250190407615e-01
8.407777083612675284e-01
4.941080785091927496e-01
7.923065441164042211e-01
7.940222350713236343e-01
8.867980396599447479e-01
1.721868715238013825e-01
3.835956186743269547e-01
5.121308442692918961e-01
5.975947038354346708e-01
3.924473018675292413e-01
3.728087881248098312e-01
3.120913411532338366e-01
5.646975618342146008e-01
4.189032424581444758e-01
2.459152581255510672e-01
4.726698349144256572e-01
-8.772589121721312277e-02
2.701918647082094949e-01
2.797576785963069579e-01
1.434102230020065372e-01
3.890691402154500822e-01
6.100947363111305366e-01
5.988593329864079218e-01
7.662696566487658956e-03
-2.736309363564240482e-01
-1.102695416831391273e-01
-5.827761419264637643e-01
-2.175469542900560160e+00
-2.748586826423995433e+00
-9.637127079866304458e-01
-1.418113762656797228e+00
-2.306280793936676954e+00
-2.904074562507501067e+00
-9.039692749689461904e-01
1.212765105606773974e-01
-2.337015757587418696e-01
2.395174614398534185e-01
3.998645839149455039e-01
3.277935425212857301e-01
3.089262565545285444e-01
-7.270864326778009312e-01
-6.649763299619745327e-01
1.035594189178490887e-01
-1.042434223570251756e-01
-2.254997455955132235e-01
-1.241534886516852537e-01
-5.652976053039845405e-01
-4.959995008397845989e-02
-1.579021434464842819e-02
-6.768833883352658454e-01
-1.952659074792144622e+00
-8.581087623516875373e-01
2.950847753769900161e-01
2.379883866940490644e-01
2.213023132190513886e-01
5.860179131627951676e-01
6.840816119611788926e-01
2.231392735692707407e-01
-9.260816348441788248e-01
-5.162981787206032402e-01
1.598965845335784119e-01
-1.402551409756267686e+00
-2.829479058303817074e-01
1.606389544631406652e-01
-1.318707222016718694e-01
2.592193348051015089e-01
2.043004837005898133e-01
2.079999581121034780e-01
5.098359267648352455e-01
2.452910030658586038e-01
2.415682781288907288e-01
1.000908213884205145e-02
2.964026384679585013e-01
8.254839264094662732e-02
1.712664767366406104e-01
-3.240699215046971560e-01
1.868305479031400484e-01
2.789928787456778525e-01
-1.394185739902326526e+00
-2.382382638455454948e+00
-2.564045599417562382e+00
-1.035868108011524624e+00
-1.469093349289644967e+00
-1.225718711618822843e-01
-2.059098787053934565e-01
1.298470814375093096e-01
6.665031400254817218e-02
1.360047365169779754e-01
-1.690458946357412395e-01
9.629038468765276082e-02
7.617453577250173080e-02
1.031886342051578503e-01
-7.876277950029636488e-01
-4.580148946700881574e-01
-3.065402409141322893e-01
-9.585996860344794257e-01
-2.189946001601764447e+00
-7.634143025966034779e-01
-6.313876487362914125e-02
-6.707519499502483384e-01
-5.423134938456780629e-01
-1.758317712017158030e+00
-2.467404535245368624e+00
-1.193388030176316006e+00
-2.977676333139495646e-01
-3.126330889540512858e-01
-1.940916669201666889e-01
-3.439070574049138962e-01
-3.165049482116715218e-01
-1.903998986462648590e-01
-2.824772166000592485e-02
1.872716307065079230e-02
8.612056920685543307e-03
-9.456219945773307600e-01
-2.912046668474290168e-01
2.391789093991834869e-01
4.928671644269042723e-02
3.221850570290932247e-01
-1.916488224737597224e-01
-3.074622237898588240e-01
-4.103075978643828670e-01
-6.337692615693669707e-01
-4.354773676249153458e-01
-3.573614558745569769e-01
-3.274892540780580674e-01
-5.867179059256054652e-01
-7.051713782152589649e-02
-1.459995985533673879e-01
3.267288350688996035e-01
7.475029022930222977e-01
7.151536193339662617e-01
8.856705474010588830e-01
7.059049114819231363e-01
8.180007417328400976e-01
5.448136026429709622e-01
1.739845346141934701e-01
-7.502613019738114952e-02
2.567898185845896020e-01
-3.009162212251025870e-01
2.391989582119110336e-01
1.918979698825186986e-01
2.537361905497056425e-01
6.384634907836441720e-01
7.237643681680833163e-01
-1.310346757344561963e+00
-1.533016340443844605e+00
7.556173891242830287e-02
-9.608493366745488595e-01
-1.211896941522036197e+00
-3.886661398382070254e-01
-6.364155258415321592e-01
-5.205154066512690525e-01
-2.037919483988363811e-01
-2.659230169572645575e-01
-2.558592642479828316e-01
-5.415355662647806101e-01
-7.174020002954399899e-01
-4.872732430293349459e-01
-1.556533184677880044e+00
-2.459514917629569641e+00
-1.560842127656629108e+00
3.113128868710581323e-02
2.229943196531522231e-01
1.518177057509967065e-01
4.115373163133508316e-01
4.874278282273280527e-01
7.367925014186628152e-01
6.270890673730521447e-01
-1.404578377032421332e-01
-1.201102270361489088e+00
-1.699397969403632913e-01
2.605995988194350632e-01
2.365178251221211614e-01
2.241474728210592071e-01
-6.780638857888305893e-01
-2.065921558180457973e-01
-2.371354566866825941e-01
1.929815810149141386e-01
5.292080751866691246e-01
2.099042047059252736e-01
5.645106867433371534e-01
4.850632003526669789e-01
3.363040635838747683e-01
-1.581287214118029250e-01
-4.579885138308993908e-01
-3.239520140912050539e-01
-4.429263597324546442e-01
-1.356380413517789263e-01
-7.697522274673328224e-02
4.290605596350290374e-01
2.086140791791016857e-01
5.666867535012839463e-01
8.601418728410420433e-01
1.112422455038395208e+00
8.733353866925529507e-01
1.123592409501794176e+00
1.174223287676354976e+00
-4.308902143278558472e-01
6.632642345299747388e-01
4.533542023527659670e-01
6.359515224606812067e-01
2.293527200988792758e-01
5.171093824451261645e-02
3.681221778339366923e-01
2.716934784884427745e-01
-2.650711432744450313e-01
-3.577304404421716710e-01
-6.278130962609955457e-02
-2.426343312139774167e+00
-1.564631449776825001e+00
-3.788986694023493418e-01
-1.942447193753548407e-01
1.751834800491783861e-01
3.543539051659558292e-01
5.014323267714481114e-01
-6.946814417379368889e-01
-2.354884070372128324e+00
-7.776937620368618020e-01
-1.510389717561722689e+00
-1.672286505714122518e+00
-4.533142982104640395e-01
2.743173546209676794e-01
5.430834016623932170e-01
2.946903100089460215e-01
6.131415073806734117e-02
-6.183708033945397586e-01
-7.439540216543738538e-02
2.781607056802240519e-01
1.750988701939272252e-01
3.587824021338942293e-02
3.784668522492314335e-01
6.754436797674362447e-01
3.233461143491400125e-01
-3.870563256225573734e-01
1.874042280850385100e-01
-1.185125624534534294e+00
-6.724476397320469645e-02
8.607142322097273424e-02
-1.635787625169161374e-01
-5.699436587160002787e-01
2.835139214751054570e-01
3.549475917597373908e-01
3.016282525273636383e-01
-6.407916618709306178e-01
-1.180605570235524260e+00
6.132116906444916582e-01
7.331539225037856378e-01
-3.220221661186330464e-01
-5.809678164106427678e-01
1.512517406594471314e-01
4.602406362766315873e-01
6.826639108934843270e-01
3.244658191996114271e-01
-6.317976132692052493e-01
-4.177771190042105509e-01
-1.500842495022623180e-01
-3.995926385232757561e-01
-1.475741672623320122e+00
-2.417320668849037568e-01
-4.397593670239969277e-01
1.938810523994644042e-01
1.023594993296615407e-01
-5.718080822384102868e-01
-9.802700984544091556e-01
-1.383637524103401850e-01
3.743042028631703988e-01
3.667576000377227863e-01
3.121987276136814482e-01
8.771879542478598912e-01
1.035015498683377722e+00
-1.846168198035840202e-01
3.357209627873634084e-01
-3.128887235757129570e-01
1.192817411143598100e-01
-4.329858791526873252e-01
7.292931493146279642e-01
3.618237522113214588e-01
-5.877094298318595866e-01
1.128079664472386029e-01
1.646703020062901535e-01
1.244895203418414226e-01
2.750044252664581301e-01
-2.244221113264114609e-01
7.523101562467092718e-01
9.217644202860161284e-01
-8.455463662779187650e-02
-5.516386005184067409e-01
-7.759765613932424477e-01
-8.368851609355955068e-01
-6.624882917976512298e-01
-7.393383722317882212e-01
1.173763813751784769e-02
-1.051006155541450299e-01
1.921636054742184851e-01
1.724029546944696734e-01
-3.336776811867350756e-02
-5.057658174583242738e-01
2.363089657220172890e-01
2.208868388525160320e-01
-1.972083559378340623e-01
2.856353172003461838e-01
-1.016755947549220912e-01
3.848593943759232583e-01
1.003264446516983627e-01
6.138506135568974065e-01
-3.140342597134543889e-01
-6.023215329593774037e-01
8.461984374183555146e-02
9.162632352314543926e-02
1.358703269478536146e-01
-2.404220634323335215e-01
-3.943554499687012549e-01
-1.923108222644692444e-01
2.970449578679001390e-01
3.345116050175382938e-01
8.076851937759078615e-01
7.487276660389025063e-01
2.398579646368083074e-01
7.446705466626530878e-01
7.436675577514512137e-01
9.823034290936343282e-01
4.570440329377994382e-01
6.401101358386916962e-01
-8.234750478937765683e-01
4.153156397974150371e-02
-7.578076626457255216e-01
-1.787516476664663401e-01
1.787247083552120641e-01
2.890686738289663382e-01
-2.489180590084145717e-01
-5.456690700341004785e-01
-1.651814896243402053e+00
-5.321665270850717278e-01
-1.389080560527752584e-01
-1.935734765452200856e-01
1.765117282414344346e-01
2.448743924474761080e-01
-2.499152129028592018e-01
-2.489338465797478472e-01
-1.375091387344758720e-01
2.309356144261000832e-01
-3.653966900549147634e-01
4.872250861609255246e-01
5.987101648557415640e-02
1.032035360246205125e+00
9.205183400822196660e-01
9.343868200716461958e-01
9.890808799372997617e-01
-1.585002803876348343e-01
-2.974566319604236564e-01
-1.811417909299709306e-01
-1.376915382895872175e-01
-2.266769938680414931e-01
4.629325503423754040e-01
5.870946684559128492e-01
7.253032701003775395e-01
1.050588134009558861e+00
8.992888296746194277e-01
9.138861447125886661e-01
3.293362862696687654e-01
8.443577134592864519e-01
7.968884236017997891e-01
6.234185327194539106e-01
3.445496612706788753e-01
3.121738914279850174e-01
1.669791220541034515e-01
1.974456215975707585e-01
3.988792780788761871e-01
-5.721890309670085717e-01
-3.588881633923490244e-01
1.480470548490185057e-01
-5.498802969861569245e-01
-5.292272407554353686e-01
-4.842081644648566496e-01
-3.802027673842759969e-01
-6.950135162030904867e-01
-4.114969953659107227e-01
-3.075275213339573321e-01
1.669313881855367387e-01
-2.169098644086754971e-02
-3.308977832312180456e-01
-3.714294665551303720e-01
1.018409032098975819e-01
-3.307020134294505476e-01
-1.348873249390746487e+00
-1.560617337574857544e+00
-8.293710422333154808e-01
-7.202943075572747489e-01
-5.501229421554554300e-01
-4.756261778408650276e-01
-5.543076192283719061e-01
-4.540388596535251953e-01
-4.429443242844752215e-01
-3.103453937161948506e-01
-1.762362765762409411e-01
-7.481949358464534683e-02
2.857987709155743183e-01
-1.479473928188060616e-01
-1.089834369015918319e-01
-7.160287990659443269e-02
-3.549159591455617879e-01
-2.579195142124441342e-01
-5.928900455601772146e-01
2.838742124279479140e-01
4.712113887104199539e-01
4.944502566995749859e-01
3.942433786152135244e-01
5.557612355814111060e-01
1.825481819832527053e-01
4.176214904303538478e-01
3.322507757310584897e-01
4.302072299190590754e-01
5.129759638536725008e-01
2.724051716167682491e-01
3.540154535574401851e-01
3.889178928556271120e-01
2.828551777807378209e-01
-2.729633790911880631e-01
-4.572682563840572700e-01
5.142255503071353068e-02
-4.907240032770318616e-01
-3.792715316945016180e-01
-1.666995976080309916e-01
-1.469772248313940821e+00
-1.081487664538645532e+00
-2.080112865815316514e+00
-2.292348096241465516e+00
-2.239201744559506047e+00
-2.559432911639938801e+00
-2.051448724470382512e+00
-6.056645430448375222e-01
1.159647996070522352e-01
1.692554177661526049e-01
3.525965539934496906e-01
2.416192518296094160e-01
3.191443942012875401e-01
5.402049186917184942e-01
5.786612205320350588e-01
2.854669473009105451e-01
7.227382443071722617e-02
1.854816155342955408e-01
9.819071735515109978e-02
2.634812272485977380e-01
-2.392844953893406290e-01
-3.624859824897226357e-01
2.354425119321254256e-01
2.279626591472724007e-01
1.363702000632736888e-01
-5.451255704697088866e-01
-1.754934647022161343e-01
7.327551371830763605e-02
3.644233879718118962e-01
4.991549524345785804e-01
4.159663316638630981e-01
7.746504119095570795e-01
5.422412760398954701e-01
3.218846284072602315e-01
5.537073297147624418e-01
4.121971711592699594e-01
5.906261252053335298e-02
-8.499463664925738238e-01
-4.961536750634218396e-01
-1.080492759406469938e+00
-8.107394212219243279e-01
-7.807281069799696382e-01
-6.846354015803038928e-01
-1.390080440259626959e+00
-8.120784716325237795e-01
-6.402861559120899271e-01
-1.253052828848609801e+00
-9.567241511779759344e-01
-1.601252508320556656e+00
-2.110012518478276089e+00
-1.679499673542580895e+00
-2.346055502812770310e+00
-2.065853990564678000e+00
-2.129291280947825271e+00
-2.980507908992373611e+00
-3.037450296200244981e+00
-3.054008973658182580e+00
-3.203068224450008827e+00
-2.403442799673304098e+00
-1.209200785599800598e+00
-6.967140878412619864e-01
-2.022218988045775934e+00
-1.057861352462139859e+00
-2.017398185266092270e+00
-2.373158527027646958e+00
-1.008891434558299549e+00
-2.327408703637017240e+00
-1.868225475249331025e+00
-1.339734904494939149e+00
-7.208793777663907720e-01
-1.026404636794638447e+00
-1.240254595033872365e+00
-1.249806394253693664e+00
-1.807021623499649010e+00
-1.793755045344246346e+00
-1.428473194867440954e+00
-1.001533372023284407e+00
-1.303104516909681765e+00
-9.052711368685263382e-01
-6.918203299518372873e-01
-6.525453629062306637e-01
-6.780285080066980052e-01
-2.908028727802232649e-01
-2.522736518406379358e-01
-2.450237461139141704e-01
-5.243945457211444117e-01
-5.079409529632056275e-01
-6.278454711561154422e-01
-6.857359889895425775e-01
-5.227636751599133991e-01
-6.078538681407883448e-01
-2.081265119129006802e+00
-2.153358045173686897e+00
-1.551284444301353815e+00
-7.044113684688259047e-01
-8.936918858702709301e-01
-8.789917305074747000e-01
-4.975039488807821986e-01
-3.039832602279093909e-01
-3.560949328793865942e-01
-2.416736338362314163e-01
-4.897328704308732683e-01
-1.228422137480069898e+00
-1.556817512344238708e+00
-7.727532404650337972e-01
-5.264527477359791652e-01
-1.421892976431793798e+00
-1.218952042861662477e+00
-1.461436215638065361e+00
-2.082836288613975295e+00
-2.202756293761602091e+00
-1.583472559890301001e+00
-1.590843353319182585e+00
-1.547525167049855987e+00
-1.445866650779627838e+00
-9.135737686661397072e-01
-7.234790793676131315e-01
-5.761098685066350367e-01
-8.920176327594325771e-01
-1.151934796098790681e+00
-1.498353425609241896e+00
-1.224295229448331135e+00
-1.576229575179606712e+00
-6.305818431399277113e-01
-7.076428638256352377e-01
-1.265769437371941031e+00
-5.884878131128393752e-01
-1.516661652542601990e+00
-7.168319803818823388e-01
-1.762517569606283085e-01
-1.152091717743687349e+00
-1.463094890689785599e+00
-9.509139631593007680e-01
-6.110081121570117846e-01
-1.166303186419595184e+00
-2.013733064587980515e+00
-1.440158608044661337e+00
-1.088698213621283717e+00
-1.295436624982208684e+00
-1.349598802968739575e+00
-1.135297864466939810e+00
-2.021431382593465553e+00
-2.611578441189597921e+00
-2.842041712970117207e+00
-1.563513182050704442e+00
-9.001378591554612951e-01
-5.636471731862865431e-01
-2.567854566337409161e-01
-6.928720200306403010e-01
-1.557819487763704602e+00
-2.290563698591839614e+00
-2.986779184732547776e+00
-3.487901178057596141e+00
-2.287607914610798598e+00
-2.234271781224015374e+00
-2.111059665721099154e+00
-2.204395555088664249e+00
-2.112568652618215470e+00
-2.626853550175291208e+00
-1.973999676276957826e+00
-2.446204759837103726e+00
-2.047419443536070194e+00
-1.176136750896672245e+00
-8.284896482514251259e-01
-1.030691986494358670e+00
-1.290258395920518275e+00
-7.414979296309178736e-01
-1.338264080087222085e+00
-9.995165253911815206e-01
-9.555767668420472871e-01
-1.246999619517819458e+00
-1.697787793142139678e+00
-1.827914951188082116e+00
-2.958752227761324516e+00
-2.770133893582926277e+00
-2.852821742104117764e+00
-2.937274245456816146e+00
-2.474844710067209075e+00
-1.867248527817275017e+00
-1.596575416898944555e+00
-1.316152152713764734e+00
-1.638340516253023571e+00
-1.529980560496420727e+00
-1.040159692560636007e+00
-8.346654061392660973e-01
-1.752264362525164598e+00
-1.893289345504432619e+00
-2.085295962556282134e+00
-2.610931340808213097e+00
-1.537895655690249219e+00
-2.030607904196370939e+00
-2.516959534634576112e+00
-2.056840994173262160e+00
-2.528221548015245457e+00
-2.529393395716182713e+00
-2.616966119708513450e+00
-2.068893209652323595e+00
-1.949385493176709616e+00
-2.121001267433240578e+00
-2.479030410094127390e+00
-2.381381146851133668e+00
-1.806730839136372113e+00
-1.501506205085866741e+00
-1.197322371053094914e+00
-1.539390029086496803e+00
-2.270471181708768604e+00
-1.015371166130076830e+00
-8.544093610445834264e-01
-8.953340997873252549e-01
-8.105142212658797973e-01
-8.388002633849528378e-01
-5.613825016594725659e-01
-4.542099565333825306e-01
-8.238538750958004364e-01
-5.033397459248455386e-01
-1.173374716742756618e-01
-2.950620062757997597e-01
7.030307801096939702e-02
3.192247186645373880e-01
3.562137837868239454e-01
-1.306346426346245704e-01
4.485692283976424471e-02
-7.215360458949087175e-01
-3.368572154740306357e-01
-8.048400689138528463e-01
-9.549162229474310315e-02
-6.121672876530904750e-01
-5.063027560811905747e-01
-4.692592098540751544e-01
7.302400054189665812e-02
-1.158105035876681593e-01
-5.011466019100120350e-01
-5.231723438206851151e-01
-1.177176835840177072e+00
-7.969276167426618818e-01
-1.407086467887106729e-01
-6.095089243179346861e-01
-4.327096190481254379e-01
-5.694809877575864876e-01
-3.972045042044412555e-01
1.117859376481940802e-02
2.367533999311506945e-02
1.888469487296447593e-03
2.635119718049612828e-02
8.474835479515874237e-02
6.208976283380385208e-02
-3.397889659679318997e-01
9.114134184910427372e-02
1.665863247417014581e-01
9.040363056653581697e-02
-1.079766509680313069e+00
-1.477699109291844337e+00
-1.996349639950908417e+00
-7.922127492595832932e-01
-1.207416013590444592e+00
-8.879743459402503758e-01
-2.059829443337183319e-01
-1.379459996901981345e-01
-4.343415397250420806e-01
-4.923079123272481455e-02
-3.629504448526170157e-01
3.395161896991905626e-01
1.519312800360593796e-01
1.486261238084644366e-02
3.646437758617122604e-01
1.745914903634097348e-01
1.792246315456000605e-01
2.165121577561399668e-01
3.956848796806091140e-01
2.386220959847823453e-01
-4.199866138122380216e-02
1.507843269928418051e-01
-1.083453560815594408e+00
-2.917546686783283882e-01
1.285283761254293333e-01
1.581193275914853646e-01
-4.474010148443152701e-02
-2.188173569069105096e-01
-3.273399915726607490e-01
-1.371325812277809052e-02
6.993639615570612644e-02
5.847717300061635454e-02
-1.609753358974060425e-02
4.014300991817492670e-01
3.708265487002282979e-01
-6.958129329304334476e-01
1.728258471097470494e-01
-1.376514261084968993e+00
-5.242289746936752426e-01
-6.127512549386363722e-02
2.493463544776056973e-01
-1.420610666282068335e-01
4.264738532084073608e-01
3.671345531875191415e-01
-3.413917067415606632e-01
1.585235002755443212e-01
6.174291745688974542e-01
6.198004994991278549e-01
2.166778234049431262e-01
-6.641769527210198421e-01
-1.078882490783956039e+00
-1.955263916039281513e+00
-2.111624315899099269e+00
-6.766133516842630646e-01
5.615039505398470437e-02
-2.804255808733298935e-03
-1.186284575905492966e+00
-2.029924090024461503e+00
-2.876065936586922334e+00
-1.683880131896779098e+00
-1.677647938383296955e+00
-1.865220331933616693e+00
-1.552023857826203779e+00
-1.908123466419592518e+00
-1.542720855755556286e+00
-8.290533019382854141e-01
-1.146713309001156755e+00
-8.483325744031012805e-01
-8.144086716319657304e-01
-8.218051959162558928e-01
-6.985893335908048840e-01
-6.809737262258405144e-01
-1.451551149161081355e-01
3.700531434778695505e-01
4.625142043089343624e-01
2.838638427909689343e-01
8.567864445745315694e-01
9.095788020944072239e-01
7.262170871511673953e-01
-2.403388315541506171e-01
-1.138765087743866672e-01
-1.314840055243105266e-01
-9.931464987563344282e-01
-1.881257828849953073e+00
-2.612773953210886457e+00
-3.137134993884875822e+00
-1.367008883743573433e+00
-9.608698472976810734e-02
2.511866275804379156e-01
2.690630847655783864e-01
4.479089237131007040e-01
6.009116593118650762e-01
5.067894348463911625e-01
4.959778328552373883e-01
4.575031578647661412e-01
8.570435931528445073e-01
6.331149828173984195e-01
1.493771293040868364e-01
-2.912226759936984988e-01
-9.068717071553669129e-01
-1.512179787643643136e+00
-1.877030671483936430e+00
-1.916932472255465036e+00
-1.029368766036879324e+00
-9.332634118472616924e-01
-8.255148910549658936e-01
-1.890270218383327316e+00
-9.710524721503994705e-01
-8.031462259893284994e-02
1.021897816721327873e-01
5.813178936110560135e-01
1.917747949132123930e-01
6.300059880082424513e-02
1.412933977930314333e-01
-1.426599120889704697e-01
-2.982411174438062140e-01
1.967228922699904015e-03
2.155283870787401135e-01
2.204001684912089143e-01
4.566181769452944406e-01
6.405517267829928529e-02
-5.888720628712419414e-01
5.369880574583887345e-01
5.876507381442088729e-01
1.018058816707120062e+00
1.095227855730673383e+00
1.267099555716231452e+00
1.284179136000435761e+00
1.321682375045538649e+00
1.325826174145117164e+00
1.431611203967096513e+00
1.230936861432688989e+00
1.258365148018520951e+00
1.226072522102382267e+00
1.510223114799751798e+00
1.245501457377625298e+00
1.423940165928582635e+00
1.566133054730742158e+00
1.638816365559317534e+00
1.313588449206683384e+00
1.677213399381024539e+00
1.701640656821265862e+00
1.684762490808977331e+00
1.323255304613173200e+00
1.698077628007861550e+00
1.372197285157778168e+00
1.185363278934052689e+00
1.318511996749525794e+00
1.310108312167331146e+00
1.518339782873120880e+00
1.509321788528945829e+00
1.677335011510862728e+00
1.350301882923539809e+00
1.674557080946893706e+00
1.171136403592600850e+00
8.427869650994271877e-01
-8.543485459873730037e-02
-1.373205924095461938e+00
-2.841880584595102288e+00
-2.126859672767710929e+00
-2.785091080866347824e+00
1.064689109402012779e-01
4.874841632403200120e-01
4.126853592195205422e-01
2.408756080966576174e-01
5.662192829007132167e-01
6.061893198176463438e-01
3.588650297191599559e-01
6.416249344203560634e-01
5.924002102372585149e-02
1.774318870553834859e-01
3.854118617585250428e-02
1.280048132100285174e-01
2.963761767773750444e-01
-4.536844814086273270e-01
-5.503933485083536414e-01
-1.606901300496489660e-02
8.309305285468805424e-01
9.394894710203320898e-01
2.337593820368174813e-01
3.436143024020811843e-01
3.662130101474923016e-01
1.028318986737547958e+00
7.808095457749658630e-01
9.123315844824132492e-01
1.195500394828081792e+00
3.885898615379376753e-01
1.093420121961046432e+00
1.345853315934504302e+00
1.216223121467342239e+00
8.846304173970288565e-01
7.770351667759228809e-01
8.457092511882300379e-01
9.821993032042386496e-01
8.912753146356952039e-01
8.875288247103648720e-01
1.066822500213006508e+00
9.506226864820671585e-01
1.008829630338657468e+00
1.224773911915428171e+00
1.089282961178611897e+00
4.574929663949796610e-01
9.050695660378170748e-01
1.108814633827727825e+00
-1.129502423349517892e+00
-1.234547322000654868e+00
-8.221531237562014205e-01
-4.143121754349666230e-01
-6.458438443644450855e-01
1.049293092504119257e-01
2.888172945206329834e-01
1.901704519744139843e-01
8.069723208755809063e-01
7.462111566624516357e-01
9.688362854322715156e-01
1.293687188241353203e+00
1.305874815912136944e+00
9.077754893715996865e-01
4.976209994546074711e-01
4.361171697430760719e-01
-6.314682859587671393e-01
-1.277986136430267372e+00
-2.448806734492686932e+00
-1.971990975487297737e+00
6.505458375217723632e-02
-1.764481707026871016e+00
-2.308968488614965953e+00
-8.562734117180433868e-01
-8.382214815468201907e-01
-1.317109271035062035e+00
-2.973413472241058120e+00
-2.137925994601438173e+00
-9.629390640485463448e-01
-6.975786575685103408e-01
-9.705058638388149028e-02
-4.931574310223751229e-02
-4.833470848913594131e-01
-6.753157006918623084e-01
-7.119102790513887058e-01
-8.851774428629603786e-02
4.428356984754847070e-01
5.743667332620850940e-01
6.873921522458671385e-01
6.953295401284459443e-01
7.035714061507123418e-01
6.821135678209384601e-01
7.031457955603438448e-01
1.332712114014893146e-01
2.511495383787332170e-01
-4.928163467704471667e-01
1.525713684780339585e-01
2.266388411056541041e-01
1.342118030707286636e-01
3.288984909647719723e-01
8.948467242700689495e-01
7.074126874666576414e-01
2.094569966908681469e-01
7.893256929095059382e-01
6.536643569473795656e-01
5.998714753041832770e-01
1.088172327437254561e-01
1.982382311664998287e-01
1.595299100617485477e-01
8.990137377412595054e-02
1.115821397882066773e-01
-1.246223209400606269e+00
-8.207372445814935524e-01
-1.545571297827292190e+00
-2.428096137904915075e+00
-1.173800750454187414e+00
-7.419996160565379695e-01
-7.460933432810684662e-01
-2.293687749484430771e+00
-5.158652455286150129e-01
-7.967634352330729142e-01
-2.340633403561104053e+00
-2.797719561115957210e-01
-2.139875381720379444e-01
-3.746349452188963980e-01
-3.479347658677273691e-01
-8.162881449377022980e-01
-7.856180153951349832e-01
5.342754204888470332e-02
-7.717907501820188143e-01
-1.030526492756021595e+00
-2.192206121764545212e+00
-1.136614071617990440e+00
-1.575747449013111590e+00
-5.437834612782912469e-01
-2.466855791916924279e+00
-7.438760384913690737e-01
-1.519175689345707125e+00
-1.521230998465645357e+00
-2.315310588544033932e-03
7.337014803614932967e-01
7.775038114545814727e-01
8.297759968392588448e-01
6.921575453916294363e-01
6.886458850716966618e-01
-5.080729634104731440e-01
-9.154816583386810036e-01
-5.952728496422867721e-01
2.704342974559587054e-01
6.402331796166033095e-01
3.430708056036553266e-01
-8.660776951593266437e-01
-4.889805462014800708e-01
5.374397745182083463e-01
6.060823032657144394e-01
9.606280245962617315e-01
6.756317345397380159e-01
8.943285920599682859e-01
8.966308562932199244e-01
8.435615288192387373e-01
8.599080998929254926e-01
7.724353859765744623e-01
7.541460667495433201e-01
8.733569788223345398e-01
7.583470378369380205e-01
-6.541122152338579854e-01
-3.667209081890017153e-01
2.953299848998793276e-01
6.550428010877985541e-01
1.838640712745421013e-01
-5.621742107620217865e-01
-2.706543551541171322e+00
-1.343794934221497650e+00
-7.104679551377679481e-02
-8.334881405167822166e-01
2.766824489940122311e-01
4.969212366781892709e-01
3.344298195589848199e-01
-2.234410960599158072e-02
-1.275008533893292328e-01
-2.932443910532249176e-01
-7.412567914210225206e-01
3.939942731066037318e-02
5.527745347575033774e-01
4.881781833309945529e-01
4.876726467111294205e-01
8.715816080609103400e-01
6.612277187319309801e-01
9.601683995267671357e-01
2.330521748398942383e-01
-8.063785253994580904e-01
-1.709259307682109430e-01
-1.138021250102721593e+00
-1.999833272336517531e+00
-2.185489807530516249e+00
-5.212651956281129095e-01
-1.868444808206255692e+00
-2.309448178006709707e-01
4.840470478866251702e-01
5.992596453202756468e-01
6.027095041813680387e-01
2.751250603161368713e-01
6.609978753211450675e-01
-4.449587321462507572e-01
5.041855362047097389e-01
5.761493885826429739e-01
2.218571323166644571e-01
-1.294863016575123593e+00
-3.493221001218457800e-01
2.304022575856261301e-01
6.865732891090096934e-02
-2.297443359540937369e+00
-6.677100464141632052e-01
-1.385662683836800246e+00
-3.412977439119479484e-01
5.106361120460849445e-01
1.045433953292554730e+00
7.023426592549277814e-01
6.786966578284125973e-01
-1.136813150653857685e+00
-4.930294260050676058e-01
6.136501880492205574e-01
-2.395478661091314868e-02
-2.292451517886531231e+00
-8.438872493999589885e-02
-2.507716727895335507e-01
-8.304518940945319061e-01
1.957204968911897269e-01
1.201855700649754471e-01
-1.428332711962597257e+00
-1.387861017383319462e+00
-2.712926550979421148e+00
-2.453318890285435483e+00
-7.618728673773214055e-01
-7.423967700421135740e-01
-7.026683900415512385e-01
-4.807566906418619390e-01
-7.114960466003306117e-01
-7.392935015047116254e-01
-6.525834333829482192e-01
-2.555816329633567863e-01
-7.637009937873480148e-01
1.275129597146338611e-01
-2.413332854341947512e-02
4.838034944248008062e-01
5.026884370505233512e-01
1.319406395741307969e-01
-5.625049482755172248e-01
5.773367394277922199e-02
-5.863430294705513912e-01
-1.607633383874275568e+00
-2.640818270483669683e-01
-6.314589051536948494e-01
-7.383831654110798448e-01
-9.072619963268009624e-02
-8.223854949058130304e-01
-4.396990420737730276e-01
6.601060979189350697e-02
6.223933708128257525e-01
7.259724757689333119e-01
7.574462566453640244e-01
6.597807134215600833e-01
6.908961341362876984e-01
1.257980758005378952e-01
-1.438870187847289539e-01
1.380162448701673962e-02
-5.598250172967393912e-01
-5.013539072874312330e-01
8.679529575647300377e-02
1.368653513299500635e-01
1.093156751681416926e-02
-3.442479525320458755e-01
-1.104889388341886020e-01
-2.136476090768052227e+00
-3.147714075155713775e+00
-3.001766359691272701e+00
-3.008969077080103194e+00
-2.861173239657265555e+00
