1.946605600798071434e-01
1.843392243480085901e-01
-1.846547124673620643e-01
6.590619576894546361e-02
2.762552550612304980e-01
1.287413175074357541e-01
-1.554976278852267524e-01
3.336450237072929870e-02
-1.012083706088159896e-01
2.076472465846807003e-01
-6.972577256732505058e-01
-7.247884864015053941e-01
-2.796845754924258132e-01
1.343539278619116373e-01
-3.523892429360286904e-01
3.970793125871430185e-02
3.341015728418466058e-01
3.288155197242763617e-01
2.387733885582243865e-01
5.286808878314339655e-01
5.245744998595185393e-01
4.751565149594776383e-01
5.822900274314052327e-01
6.058384157765132061e-01
6.938232926914036369e-01
6.160285955053489415e-01
8.273728464033098806e-01
3.970689191412106744e-01
3.366020001861242950e-01
2.471816906392876323e-01
5.229282473498170214e-02
3.889629910704426319e-01
3.691069344457373891e-01
5.493268202820822399e-01
5.378010327873979923e-01
3.029486033909641884e-01
5.987446562788525384e-01
3.576541743576245880e-01
4.072570739249553595e-01
4.176552343436891190e-01
4.428051760699243111e-01
7.519415440761033631e-01
5.508751534438510733e-01
2.717059939873283092e-01
2.863030947615960997e-01
3.988839354091097689e-03
2.856388688091957007e-01
5.175577328475231553e-01
5.903386824526836163e-01
4.541130900166004958e-01
2.741868728969736879e-01
2.016051025296912158e-01
-1.770303545060119277e-01
3.142644386849563487e-01
8.791157231775209580e-02
2.626622692260746073e-01
2.220817958083001198e-01
-1.571699528949499491e-02
5.250727916218592695e-01
5.350295653781295124e-01
4.950720192393454067e-01
-8.071457883833232927e-03
-7.009060328588524735e-02
-1.002208571126130127e-01
1.632902742838560073e-01
-2.098685707546383283e-01
-1.050692536899283103e-01
-3.720055415115690045e-01
-7.109102100752904274e-01
-4.550136631740704929e-01
-3.165832674366207689e-02
-4.297673680510115668e-01
-6.419228788548404785e-02
-9.727286962708897589e-02
4.266234120156217058e-01
-2.742377005097142995e-01
8.848799693343262218e-03
4.778058426595054309e-01
6.554059756132670778e-01
5.642643270788988419e-01
5.792339895843000575e-01
7.347311279212417334e-01
6.854098331206560646e-01
3.407945409744592147e-01
6.962418258809965899e-01
8.608031526196048278e-01
9.607944290707505219e-01
8.642701504675961433e-01
8.311357880414763644e-01
9.038045049184594282e-01
9.428207815053372132e-01
8.225089325345539271e-01
6.999911797679054803e-01
7.121019024800232522e-01
5.550120220358695233e-03
3.155319108843044340e-01
5.300511885804487511e-01
6.018257722382255315e-01
6.868327653947978728e-01
6.463692419905922026e-01
7.156655498209295585e-01
6.766859786253108799e-01
7.913639741857255716e-01
5.650701027301603396e-01
6.275956061879424119e-01
8.064992836231913431e-01
9.342579364663990971e-01
9.116103865279773233e-01
9.462573029576967221e-01
7.404749098918601558e-01
7.721348930633076257e-01
7.120803595846968426e-01
8.762486375386215887e-01
-2.498098824069553969e-01
-6.044702765895896279e-01
-5.766077778745926086e-01
-5.310881511197833582e-01
-3.006556368432905524e-01
-2.198204954513402754e-01
4.658853609335916746e-02
2.569808751827474258e-01
-3.786996024274866257e-02
-3.652732387801643776e-01
1.537290254110258436e-01
1.814610404448246950e-02
1.111940352701626111e-01
3.952405934633154150e-01
6.427847566790786393e-01
7.999614198854326785e-01
4.798655151069440850e-01
8.597040455225327671e-01
1.053349279637314950e+00
1.036557776133312014e+00
9.557000963778440328e-01
9.404695078227683913e-01
1.109210965676514782e+00
6.950480764496603792e-01
7.836693994681890318e-01
1.088878133297534134e+00
6.033842998047160844e-01
8.458030526043681663e-01
-8.877184374988954518e-01
-1.127605865427662390e+00
3.712066769572630043e-01
5.868495372299352697e-01
-1.208473210651211271e+00
4.294280385043914849e-01
3.672016285826738002e-01
5.489187136167554826e-01
-2.112213082421475541e+00
-2.799898989687418904e+00
-1.627015245120964959e+00
-1.137305411408875422e+00
-2.171148589471150192e+00
-2.128840425522093849e+00
-2.895861338004883656e+00
-2.207275003408125880e+00
-2.094361831408193986e+00
-1.941586731150422018e+00
-2.447989912632100751e+00
-3.951015945505204296e+00
-1.952006704082406952e+00
-3.842649967154336821e-01
3.626044190458882488e-02
-2.664000478989111964e-01
1.498480850039511925e-01
5.327472534732452525e-01
5.884706933741777890e-01
8.183844775194725196e-01
8.571791362579642692e-01
9.889283051508955813e-01
6.947251592876516613e-01
5.254754400061166786e-01
1.100696181056793677e+00
1.001255163856782371e+00
8.471249425025182411e-01
8.757317314817798515e-01
1.066613280693768484e+00
5.369347388582219605e-01
9.988837223111676211e-01
6.909941956912569738e-01
1.146985696469643212e+00
1.128192278009650718e+00
8.478911335246072656e-03
7.110320022898747316e-01
7.250432376004656287e-01
8.046407104493787932e-01
1.008065191193908694e-01
6.226566321886563005e-01
4.751468204800499695e-01
6.242950270903713239e-01
8.884277160228758463e-01
6.639678338182536388e-01
4.295326105790316928e-01
5.661700797504479743e-01
2.438018812954914072e-01
1.437893609106344339e-02
2.272295036352259823e-01
-9.023917498171070140e-01
-3.623829921694521339e-04
-2.782019530643407013e-01
9.411735447549030020e-03
2.184999159051049800e-01
-4.111602839200798609e-01
-4.536571528845215751e-01
-2.238403303838351621e-02
-2.458925598604998486e-01
-2.524450883178962490e-01
-5.632512566326552950e-01
-9.880548348489445187e-01
-2.582274722306880488e+00
-1.149206513819356346e+00
-8.863132077383334417e-02
1.600146343693458761e-01
-1.661568234379758591e-01
2.599523439415165615e-01
3.785402430879629687e-01
3.326115570918111164e-01
4.166267925167729258e-01
3.705461978997302563e-01
5.930804051774786201e-01
8.493479342441626612e-01
-3.428085880985194955e-01
-2.283765946482724463e+00
-5.594993132550913906e-01
5.161766036941272118e-01
2.877657447140600233e-01
6.738781981887844719e-01
3.166634079608038332e-01
-3.901261458248803105e-02
-1.924087912546027790e-01
-1.095918321043716670e+00
-2.067207301913911888e+00
-1.821803028559734194e+00
-9.341724347141967533e-01
-5.463650440495404492e-01
-9.064297372637206696e-01
-1.483044753667968063e-01
-1.841365759832093441e-02
6.873504057929447075e-02
3.607407639885679140e-01
3.892084007974739857e-01
-6.236991365033062173e-01
-1.728945378784448206e+00
-2.021488273332237906e+00
-1.273336141225479778e+00
-8.203784878056544771e-01
-3.138846909015359787e-01
-6.973164694708896549e-01
-3.345036488044977885e-01
2.646198098288853329e-01
5.337994082349224456e-01
3.062290502822892502e-02
2.492216688440916372e-01
-1.027076698107438624e+00
-1.386324714379198741e-01
5.959197698557971989e-02
3.386729675607398349e-01
-4.865005204476365863e-01
4.158950448135068090e-02
3.343929836902457819e-01
4.015486530634393425e-01
7.098030714490277671e-01
1.737439777078699787e-01
-1.744262694522478174e-01
8.755374535830998672e-01
9.717296335161532683e-01
4.598722731839780531e-01
3.375598469562558490e-01
-1.805772347848955128e-01
5.197782836503669346e-01
-1.854221638292302132e-01
3.259241742592677848e-02
-4.898730647739102384e-04
-3.618876247530509183e-01
-5.416287080203290305e-01
1.855778817440284501e-03
-5.493693230244622860e-01
-7.984540540797022690e-01
-1.025539641685853987e+00
-3.625858852350515305e-01
-9.035898000481890069e-01
-8.040764120502766898e-01
-9.838756170335222206e-01
-6.308709283404198009e-01
-1.082038751406007915e+00
-3.827888858815230444e-01
-2.611215854057891139e-01
-9.954090338423926543e-02
-1.344083535136105567e+00
-3.281235565937072884e-01
-6.032955656152497736e-01
1.890459178554945163e-01
4.780758107432401260e-01
-2.633530620775983988e-02
2.560799832397743225e-01
2.237797411951601423e-01
5.458597695558397023e-01
6.494300255831686464e-01
7.144644514151606840e-01
2.887203871179506720e-01
5.856422680565738226e-01
2.234714700632922657e-02
-7.282916840550319737e-01
-1.397932117609306690e+00
-2.131956460149344146e+00
-1.176392111672788232e+00
-2.545211921838585134e+00
-4.387136378020006222e-01
-2.627651406307021542e+00
-1.451742299110927004e+00
-4.669997905596958709e-01
-6.270051715017389560e-01
-2.141921574289459007e-01
1.653897959319714506e-01
1.804531222127931378e-01
4.627901873861225424e-01
3.993175150480398061e-01
5.268555404920723939e-01
3.728143245733176459e-01
1.255506687172300295e-01
3.093307032884757279e-01
6.354165771079104408e-01
7.380539000250232462e-01
8.353071301398414805e-01
4.545933498539517226e-01
-2.198677406567289161e+00
-5.350326562613675341e-01
-3.737163828521086750e-03
-2.513188167850431753e+00
-2.924948946550967044e-01
1.309793127099639909e-01
6.645779224129305662e-02
6.897875987359936012e-02
2.169001036366510760e-03
-2.807813586557684205e-01
1.206054843159233836e-01
3.135929432168914621e-01
3.800840901295796659e-01
2.012902987964982904e-01
2.048735501207340493e-01
1.962128678387987657e-01
5.375012484903461951e-01
7.816642614173289205e-01
4.429080382182208897e-01
7.795188250922149287e-01
8.674346436407370797e-01
4.387326492330380079e-01
6.116789449010474611e-01
3.626451788604398985e-01
4.219046410903630751e-01
1.142959497205429109e-01
4.558118815022245141e-01
7.148375744148838251e-01
-5.522399331254204125e-01
-3.101153282119540333e-01
3.174874843999364593e-01
-3.994341992038697997e-01
-1.047117009236456509e-01
7.830720402792504808e-01
8.348209895996839824e-01
-2.901114457118623147e-01
2.169534272946064268e-01
6.122436175452898866e-01
2.838290938556896625e-01
6.990604997993307146e-01
6.386768305385460698e-01
4.618230861731322801e-01
7.362064018245742525e-02
8.399216773255727686e-01
1.510359975655343856e+00
2.827833972570671373e-01
5.613540215623894492e-01
8.540240193671200242e-01
8.955841102922909025e-01
9.632545366632262462e-01
8.291479499631113637e-01
1.048489159339482057e+00
9.014425670054729833e-01
2.772200962776509847e-01
-2.182888267591877041e-01
2.794052450935180509e-01
6.261955864413962791e-01
7.230021079640337467e-01
7.817683689497388899e-01
3.103331418771088646e-01
8.069673369086854953e-01
1.009013712131531015e+00
6.685551791936729105e-01
8.770312182326680528e-01
8.609532315831420757e-01
3.820806202317396094e-01
5.984021899253164634e-01
4.691823560586098063e-01
7.436377834209800808e-01
-2.751580545168440528e-01
3.397691031655105665e-01
7.686281820864721004e-01
6.335545239194507738e-01
4.699848175132896877e-01
4.640274496038288010e-02
-7.020413695046640035e-01
-1.448027465956168991e-01
2.346123563577061644e-01
6.501529755678918665e-01
-1.471311734929535708e-01
1.262533242646551868e-01
2.698788724339828970e-02
-2.834474650438517651e-01
-1.830211401420458905e+00
-1.519534780136769125e+00
-4.190623280010159490e-01
-1.620573119527906614e-01
2.675154027314565752e-01
-1.566491046625023698e-02
-5.736916311924638023e-01
-3.956721364727412427e-01
-1.635135084056305033e-01
-2.858770267289499345e-01
-1.760309476663529438e+00
-2.876415063757610802e-01
6.099848221979470297e-02
4.850045522090676298e-02
-1.188067503746585096e+00
-1.241199013283276642e+00
-1.387465601674445104e+00
-9.336531487921450045e-01
-6.705177403517069701e-01
-1.102812971375139561e+00
-1.890179746207992562e+00
-2.307338851376641298e+00
-2.316467188290340928e+00
-1.899177431865626708e+00
-7.228428661083269313e-01
-3.925430567501853596e-01
-7.598051767410152202e-02
-2.886120461128247050e-01
-3.786524981852991134e-01
-1.045988519625140611e+00
-6.040175321132655872e-01
9.899288209583406717e-02
-6.355058277129396194e-01
-6.266402547600117279e-01
-2.275461431315869976e-01
-6.532218027026291673e-02
4.847380708430005791e-01
3.812125763652566834e-01
-5.721826971836535547e-01
-2.049527280056187561e-01
2.615144694626346245e-01
4.989785919996190255e-01
5.594758678280825626e-01
6.757513090397119226e-01
5.445544094879301023e-01
6.763031081293081614e-01
6.384825841897746601e-01
4.537400296323984561e-01
6.203341878301071866e-01
3.869596787234104163e-01
2.817905619114884352e-01
-1.187077357248069287e+00
-1.950273870683142174e+00
-1.174173717029042496e+00
-1.190357072674419925e+00
-1.691895213120560015e+00
-1.184200597513141329e+00
-1.620531834554294337e-01
-9.019641592914716677e-01
-5.994357796759590684e-01
-5.631137312523264438e-01
-6.513858653547272004e-01
-2.140901221086577433e+00
-1.415942445136559424e+00
-5.802399055212965617e-01
-3.050353674497351952e-01
-2.540371537129805790e-01
-1.467965377002002469e+00
-1.407779140221249836e+00
-1.389067477427026631e+00
-2.139045845906311971e+00
-2.428691039044676980e+00
-1.706066477300420381e+00
-2.368217604354574402e+00
-3.351794456270159372e+00
-1.137656120008143201e+00
1.421554903662017866e-01
3.163667923727874198e-01
3.935090631942739225e-02
-1.872030491362827731e-01
3.213523532070285404e-01
-1.287576483273985550e-01
6.928522463543065890e-02
5.060972129019353227e-01
4.752938634490678771e-01
4.641689244037827677e-01
6.935759164412810263e-01
3.880654791036269868e-01
6.380253222012194358e-01
5.638804619599652179e-01
4.831595287617644896e-01
7.395532737794848765e-01
2.377486652772793918e-01
-1.208199619138570657e+00
-7.254359525409216358e-01
-3.601570844558923401e-01
-1.707081253954478850e-02
2.316866213440718636e-02
-9.631821957292683312e-01
-6.743045342411740917e-01
3.742794328188013830e-01
-1.703042067607365151e-01
5.959258133924788536e-01
7.752673659199754708e-01
-2.559473395104787663e-01
6.623994659597509660e-01
5.981937956870150286e-01
8.100917929940812945e-01
1.004633966789523658e+00
9.938124992002349556e-01
9.311199445127381624e-01
7.722879159639661761e-01
7.287065206436605935e-01
4.719862823748599556e-01
-2.996258905067588074e-01
-1.639799721319418868e+00
-1.016177565129094962e+00
3.062604410771784802e-01
6.571420708309283487e-01
-1.600302284306806655e+00
-7.872562847704850375e-01
-4.146732484577437816e-01
2.122891938936702361e-01
4.376528958111660650e-01
4.661072466445614904e-01
-1.686647289955837792e+00
-2.359896430577792970e+00
-5.102175257192316238e-01
-1.761650203073873211e+00
-1.223754358754842286e+00
-1.974864838612329088e+00
-3.402241312250159133e+00
-9.847130707343110245e-01
-5.018231981399889907e-01
-9.915940384265420349e-01
-1.723633218977524972e-01
3.804791572330010752e-01
3.283219528203923931e-01
-1.135735164417943643e-01
2.972536407631062860e-01
4.972379862965886632e-01
-1.161502672898877098e+00
-3.247782096212786240e-01
-1.536289814381933683e-01
-2.648104561988225969e-01
-6.433693502959757504e-01
-2.234470060405504999e+00
-3.414293017097286942e+00
-2.189026501910322331e+00
-1.632968824097178917e+00
-7.642461864831787688e-01
-2.783724765422558867e-01
-5.351151038885006983e-01
-2.140531884382132599e+00
-1.182068054189081785e+00
-2.769410144824046016e-01
-1.878677426319671495e-01
1.835104402723359840e-01
4.256328732920428015e-01
-9.483270994921542962e-02
-8.249417260579049449e-01
-8.761286877136013063e-01
2.372811371546346138e-01
5.140007241775098601e-01
2.713978288341327705e-01
4.676183722952017563e-01
-1.410831687481816088e-01
2.488179357046425566e-01
9.506354884781065273e-02
1.300550306560415148e-01
-7.850579219357275984e-02
-4.502325253326138199e-01
-1.617566794386990470e+00
-2.336072543679926117e+00
-4.050281215560140424e+00
-2.719221378720104720e+00
-1.254225784000185584e+00
-1.145896654486999289e+00
-1.854320133469898213e+00
-2.423987795315023952e+00
-1.425395511976562446e+00
-1.937644600480239010e+00
-2.990358848969117300e+00
-2.038774179461788183e+00
-2.293977675127057747e+00
-1.514792484083202773e+00
-2.681763688502719623e-02
-8.159705827270582468e-01
-1.953262493915250420e-01
-7.060133140826231612e-02
-7.613512591694343579e-01
3.103844488780121980e-01
4.907245620604602787e-02
5.237461635960097839e-01
7.158789281610492550e-01
8.023446289564548639e-01
3.797845001200321202e-01
4.302416499346065071e-02
-9.645948159167344604e-01
-1.806256613099788133e-01
8.077038363169605772e-02
3.036428076037667734e-01
1.532326054253971281e-01
-4.542306218561601439e-01
-1.127421237066413617e+00
-2.577754123971260025e+00
-1.200439327162719394e+00
-1.169040835632931596e+00
-1.202463681691081199e+00
-9.859809145588364077e-01
-1.575102324556240330e+00
-2.467280972537829076e+00
-3.707300112275675907e+00
-1.384317035038164612e+00
-7.173930625616087298e-01
-7.065752477589304359e-01
-1.839226480210571335e+00
-1.162990411338341357e+00
-2.183160786102437800e+00
-1.854976617427264163e+00
-2.059350982975418187e+00
-1.026491638722786259e+00
-1.273539961734251769e+00
-1.715114959158204222e+00
-1.526030292861599413e+00
-1.943808362568639758e+00
-4.464689889800395051e-01
2.893436730162629589e-02
3.089696376943584788e-01
3.373815570978841993e-01
2.743346190105411808e-01
3.366229120009495146e-01
3.565482308269196099e-01
1.525475401533014641e-01
3.959993913753734329e-01
-4.524368638223803529e-01
-2.478626810405692549e+00
-1.809662445082619087e+00
-8.160517512243476990e-01
-1.249332859940466722e+00
-9.855829943796461379e-01
-9.209734474227814216e-01
-5.485716117614576337e-01
-1.020969961273667792e+00
-1.051832392615902112e+00
-1.283108866169012430e+00
-2.088420394873365726e+00
-3.127038097468052502e+00
-3.023608710905442809e+00
-2.285056501076206281e+00
-8.686920100569053282e-01
-5.642844186187832012e-01
-3.521672879450987725e-04
-2.626977952662920557e-01
8.713402597575459207e-02
1.986231734402080784e-01
-5.115747280318510004e-01
-2.826887094765533071e-02
-1.413733540701684888e-01
3.421755374145454831e-01
8.472638102683391348e-02
3.935373099889527548e-01
-7.197972517439642226e-02
3.742631796173118142e-01
4.608065917557920832e-01
-6.351903855387378006e-02
2.398653581442981575e-01
3.969069583890681985e-01
4.386390103563349019e-01
-5.581709240071648370e-01
-1.811154421470161924e-01
1.213627461253471429e-01
3.146185783185533325e-01
4.787093494820650053e-01
5.699408242506205369e-01
1.668049617067282608e-01
-2.172798716733984059e-01
-4.249719807764641977e-01
-4.166875402106567372e-01
-3.670776228398717755e-01
-3.400262693861636487e-01
3.465363167582012904e-01
4.880090794873485072e-01
-2.297282055505648901e-01
-5.020357732508258231e-01
-1.966061972494379528e+00
-7.248111418450739474e-02
-1.240555339875334673e-01
1.289326241089248648e-01
8.217873657635771378e-02
-1.065194661678935256e-01
-5.382995932722715038e-01
-6.100225612311898082e-01
-8.295443976023827437e-01
-8.810670959959801540e-02
-3.510090193551904103e-01
-1.062904560111408714e-01
1.927970508522239834e-01
4.402359396986179618e-01
3.804038955893219720e-01
3.347069136797535815e-01
3.666007397660905331e-01
1.893820746767271856e-01
2.342395622274481282e-01
7.431664424156275706e-02
2.985298777118944313e-01
3.446934576995410171e-01
5.243852859794370103e-01
2.138706200728947016e-01
-2.582677261268682134e-01
2.169651295937880531e-01
3.907216711067283965e-01
1.839010309798128073e-01
5.268986187369081864e-02
8.037669802013147624e-03
3.946434080225339480e-01
-1.351833837314781739e-01
1.043656569202359718e-01
2.487175711761961949e-01
1.552644373638056297e-01
-7.858381328284631540e-01
-2.194201435059027483e-01
-2.276639843613361691e-01
2.755235959102769749e-02
1.525268445996286193e-02
2.715790026507031163e-02
8.680710147828091250e-03
5.926194083178487615e-02
-9.140655361718860727e-02
-3.814240666991512430e-01
-5.641515403930073003e-01
-2.677186556020492714e-01
-9.949010971749867593e-01
-3.875469962715806516e-02
5.035805030134948845e-01
3.696048888145140321e-01
-2.953522165215010098e-01
-6.239767914046011610e-01
-1.222458825560793549e+00
-3.719766851415551301e-01
-5.445720082164051679e-02
2.010142709215270718e-01
-5.026609397850483052e-02
1.686641391268187684e-01
-3.597462704609020179e-01
-2.083155435279375300e+00
-1.666256814302732092e+00
-4.168389424752909078e-01
1.511443297633471849e-01
5.771370928252725352e-02
3.566911629698885089e-01
2.717991283921958323e-02
-1.345262946645053304e-01
-1.832144036462545478e-01
-1.181388599022935304e-02
1.470429549872821484e-01
8.876877322929282998e-02
-5.153394827086390517e-01
-1.152495806815632573e+00
-1.687970452257604170e-01
-2.339761387980039686e-01
7.309075961921496223e-02
4.541472760234482875e-02
-2.696552634661236181e-01
-7.031681139242265677e-02
-1.576025377438713126e-01
-2.112477491175793087e+00
-2.153277342796476201e+00
-1.525509566919189375e+00
-1.411215446467791734e-01
-5.378519067653855790e-02
-2.480368128624376722e-01
3.246407785102752297e-01
4.681937656438934781e-01
5.257343062698967007e-01
2.443106619849457761e-01
-2.620752828142948188e-01
-4.744946070862448018e-01
-2.544673773364592995e-01
-7.413081578035535246e-01
-2.306944330587164860e+00
-1.505460883177394127e+00
-1.164080155521930671e+00
-1.078437649392990583e+00
-1.749981477832759591e+00
-2.864771120192211917e+00
-1.849921728130595966e+00
-2.222877788425564827e+00
-2.539698194597519443e+00
-1.138073257795779725e+00
-1.783516088451669312e-01
1.969196611489043569e-01
1.908635381099224038e-01
3.523228246870712677e-01
2.893465670325610084e-01
2.433149611775892729e-01
-6.318720409797354831e-01
-6.609998234819325358e-01
-1.661237075396360119e-02
-1.947308277333739679e-02
-4.257551806266811623e-01
-1.774114202563265685e+00
-1.170011595510589864e+00
-1.124589500102760042e-02
2.584894107570697708e-01
6.084710628825428236e-01
5.626126225234425737e-01
3.494196207750733252e-01
6.393090064953128593e-01
7.460267092737697947e-01
9.148799609959860080e-01
7.961777663533239346e-01
4.706650399777309035e-01
6.988823880901694485e-01
7.101337514403097684e-01
8.515696809456142491e-01
7.593995013420101747e-02
4.981268103201373920e-01
5.027005399214500292e-01
6.437222026576587819e-01
5.058776673567144666e-01
4.491428514646310655e-01
3.652950206664802857e-01
6.079573074920114895e-01
5.765118291458790623e-01
2.931081145094573959e-01
6.148495489242380430e-01
8.088111462295591303e-02
2.753307083625046170e-01
3.045217956948269022e-01
5.765198483538747087e-02
4.798897475993754158e-01
6.609979076706535839e-01
6.510312144315627547e-01
1.850489827332745807e-01
-2.397656061065664979e-01
1.054214539909757720e-02
-6.189503102992000017e-01
-2.084912800073139838e+00
-2.996942566893367133e+00
-1.122003269340143383e+00
-1.241607210271278294e+00
-2.630407227848849061e+00
-3.438791679456016936e+00
-7.425934916269115726e-01
6.937996023188958139e-02
-1.880597428000359006e-01
2.295631168912529718e-01
3.411761905638855952e-01
3.284593604521697796e-01
3.235500777681915574e-01
-7.989705089348948519e-01
-6.663368331726697846e-01
-4.372706488892708077e-03
-6.089142756509598187e-02
-1.790831215275388300e-01
-2.402878291651391884e-02
-5.011598167609556675e-01
3.522994393925538148e-02
1.259590445364568989e-01
-6.827760249169940732e-01
-1.725400110271208654e+00
-9.405862440655634593e-01
2.617791284982712297e-01
2.041029122976234511e-01
2.558720839936292624e-01
5.427431107421828438e-01
6.568374020416615222e-01
2.265615143339906323e-01
-1.044041590401985076e+00
-4.013477716664832218e-01
3.666493581651669720e-02
-1.199441998340929683e+00
-2.839090154360676133e-01
1.646189929325010959e-01
-1.047837286643179266e-01
3.117330315833530818e-01
2.166702820570494681e-01
2.315517822931621450e-01
5.044473148319384981e-01
2.988350698281487805e-01
3.016956826301602779e-01
-6.627346932771774335e-02
3.606248114493348922e-01
6.461425020540567665e-02
1.877643830962778537e-01
-7.988991013305341005e-02
2.368534483738066188e-01
3.054984990482130236e-01
-1.351470800355949464e+00
-2.484288542273713318e+00
-2.580756229471479202e+00
-8.949387696700522588e-01
-1.448804078308858934e+00
-1.197083444444852623e-01
-2.302600152760075902e-01
1.133701615181130773e-01
8.697070088803440790e-02
1.598773965662420027e-01
-1.436700190530738608e-01
9.650610917137553146e-02
1.019200093787422934e-01
8.249447378033303302e-02
-8.245098199857003873e-01
-3.219216179402312195e-01
-4.192457733121008889e-01
-1.090265415985216091e+00
-2.344538303994933681e+00
-8.638293158065388777e-01
-1.927697657209662963e-01
-6.623785556656297535e-01
-5.139380657584435852e-01
-1.871313439684758162e+00
-2.331582348402042371e+00
-1.636633555481648905e+00
-3.835434376102465626e-01
-4.255780565027502127e-01
-1.782668144451333148e-01
-4.691665381454686035e-01
-4.467775843183355855e-01
-1.271354001950220081e-01
7.667539859937183566e-02
2.048896603162138064e-01
2.020291760605014142e-01
-1.195901500167847242e+00
-3.111867415988990859e-01
1.757801244006824137e-01
2.375305754334008368e-01
3.568721902323824802e-01
-1.728082576264507175e-01
-5.295438655321149657e-01
-7.393388140114853790e-01
-9.662858712046238363e-01
-7.980706078817060289e-01
-5.027307509341585323e-01
-3.814500720774072207e-01
-4.932188705957278874e-01
3.834728976924139943e-02
-7.197874070738052854e-02
4.359553938592749533e-01
8.253600616228543574e-01
7.291454260750013239e-01
8.179495294558216667e-01
7.468688249950686808e-01
7.922933753524713518e-01
6.204654056854160826e-01
2.014917102247250624e-01
-1.192148051399456732e-02
2.208321212325659588e-01
-2.736611248206085589e-01
2.187239948130929035e-01
1.304983205029402182e-01
3.036391567357141219e-01
6.252487750889522689e-01
5.861669844746378866e-01
-1.031791530638282772e+00
-1.596466568311985856e+00
4.321300603225608494e-02
-1.042825997200773402e+00
-1.210556884505175734e+00
-4.621700484916128060e-01
-9.420223010068983216e-01
-6.645812760929692420e-01
-1.450591686048056661e-01
-2.031756089335630955e-01
-2.922993789963307942e-01
-8.131000335895098852e-01
-1.097543856250335459e+00
-7.287970626586549594e-01
-1.569452642167046275e+00
-2.757428896718054023e+00
-1.594365011493307893e+00
-8.926743253115915211e-02
2.377738381299653314e-01
1.797343145031309319e-01
3.542030454529643824e-01
5.045657773981278016e-01
6.379996256509371522e-01
6.396141814051803376e-01
2.272848853645870193e-03
-9.026230759451683294e-01
-7.945886364699364379e-02
3.325054864719653169e-01
2.442224537399818596e-01
1.894348049636270792e-01
-6.825104494065948879e-01
-1.691122089990305943e-01
-2.482931451017977020e-01
2.120853124338603624e-01
5.327507684783301389e-01
2.014021267683565042e-01
6.051362356709173440e-01
4.349395880566765404e-01
3.699977211920457698e-01
-1.321804247622355988e-01
-7.645153438209775221e-01
-5.675194939701806440e-01
-6.344325554605799722e-01
-1.026989546505229778e-01
8.154599616354582525e-02
5.646794734541662475e-01
1.929520869112133497e-01
6.093241191722965633e-01
8.156075281451558023e-01
9.602914947495265752e-01
8.722427467092710440e-01
1.013865235245436480e+00
1.055590843249343713e+00
-2.089042070573618182e-01
7.667009318605721990e-01
5.750584735360390054e-01
6.707273919242066063e-01
3.271425644674024746e-01
2.436491706220047515e-01
4.698606618883982566e-01
2.832221962123750991e-01
3.014114259435446419e-02
-9.195063526517914532e-02
5.292661459409159219e-02
-2.211873629875663383e+00
-1.568704903589368982e+00
-2.012945126288054609e-01
-1.372102689257538033e-01
2.096447553786330298e-01
4.811850853706889364e-01
5.338347568962260592e-01
-6.195424919487376725e-01
-2.407920910762381350e+00
-8.793265279263841050e-01
-1.524151279629303968e+00
-1.727576576985978107e+00
-6.042984177657934053e-01
3.370657248346354828e-01
5.923417368524170890e-01
3.670494582286695229e-01
2.847404047632829394e-01
-4.677975190190711841e-01
7.147022054579549311e-02
3.328640947778734871e-01
2.381744260074291630e-01
2.982884931298162012e-01
5.123025463867511009e-01
6.970909600441738130e-01
3.558919279731624918e-01
-1.089354633908700271e-01
1.504751789785263583e-01
-7.893248437484219338e-01
6.716512037105923372e-02
2.907227038556758902e-01
-9.657717782278865681e-02
-5.178875935817803811e-01
2.755636268728296479e-01
4.122368596734418134e-01
3.744061365167257183e-01
-5.451438890420547967e-01
-9.037532577404302492e-01
5.122336767573714145e-01
6.995794911211116185e-01
-3.844150776271153536e-01
-5.438819554939855472e-01
1.453247941293001055e-01
5.741279596910280336e-01
6.959596717252352072e-01
4.290851051205816225e-01
-5.738382035029921946e-01
-1.619371746858842831e-01
-1.215488278975257463e-02
-1.556774429980238017e-01
-1.338586809235177810e+00
-1.622631417804807630e-01
-1.869599656889081030e-01
2.911081894781361035e-01
5.117256810607223594e-02
-5.021651106890803185e-01
-1.146373745873484395e+00
-4.639769045682197446e-02
5.278932644190317269e-01
5.079256215749367032e-01
4.875058862748095079e-01
7.574704909363184635e-01
1.179242816644758385e+00
-1.379276077127300493e-01
4.814192602776820040e-01
-3.474362239783051476e-01
3.752108293097476399e-01
-1.956182878851584483e-01
7.241058441725043426e-01
4.925301268901628449e-01
-4.974245166476812807e-01
8.325820862188598737e-02
2.052404444002216000e-01
1.557344978176725681e-01
3.580402744983373076e-01
-1.759882085576101873e-01
7.939734486021707838e-01
9.651969693768677194e-01
-2.194922282948888470e-03
-4.241521910706668175e-01
-7.611249808225538649e-01
-9.740563480585591183e-01
-7.104918907759519842e-01
-7.497702309476866889e-01
-7.210953461568693490e-02
1.980408046359585783e-02
2.537871325101528353e-01
2.450083447007068704e-01
7.786323206299447519e-02
-3.139489982548601121e-01
3.054460747819458533e-01
3.056412465549576130e-01
-1.144575495390947051e-01
3.958175380647414032e-01
-6.330712027651258511e-03
4.966754113570669427e-01
1.098034613314261276e-01
5.230918574666344467e-01
-2.998568593004039551e-01
-5.397181774194576009e-01
6.576056957443293660e-02
9.043067420156569725e-02
1.552620864265264466e-01
-2.750115430670219130e-01
-5.796963028386312722e-01
-1.742929223313735010e-01
3.607637404355706345e-01
4.598744777835602759e-01
7.222050169087681493e-01
6.147285122843305638e-01
2.965988360107244537e-01
6.252913193472325881e-01
6.039702560178629165e-01
1.003189690074624885e+00
5.796999023753373059e-01
5.986551709588980863e-01
-7.522720490866059428e-01
2.973593176138686345e-02
-7.390734516920619557e-01
-8.817443177073737426e-02
2.106079578901179361e-01
3.701013225311376997e-01
-2.076149296327590710e-01
-8.434838622726523738e-01
-1.708918782875575193e+00
-6.961889094738450412e-01
-4.161553228088621381e-02
-1.101505444067193140e-01
8.023188188034660606e-02
1.529854037495703145e-01
-2.340289901548990303e-01
-2.276895125959348398e-01
-5.253886938009572072e-02
1.835412677903005552e-01
-1.566494492393641913e-01
4.872145766791907695e-01
2.387973934070942716e-01
8.378147406311350354e-01
9.082725505580807601e-01
9.750110042516414444e-01
9.506391519043272398e-01
-7.124339330780857238e-02
-2.529065592780060934e-01
-7.647081237454464442e-02
-5.264464113094471931e-02
-2.015855397457326226e-01
3.073303846123141003e-01
5.443282884257352183e-01
7.987596367818280418e-01
8.579119771738817901e-01
9.119026376328572825e-01
8.422419693930353057e-01
4.500312581751596541e-01
7.802210400664177925e-01
7.516883211744994631e-01
6.536942901245359483e-01
4.235103254478314039e-01
4.830359523980485292e-01
2.160019567954772901e-01
2.457638452288120057e-01
5.291349504848502638e-01
-4.491579507621142331e-01
-9.623359281962967637e-02
1.873517538965768781e-01
-3.820023901464635330e-01
-3.946113142773273186e-01
-3.863272043783696486e-01
-1.654056858165287580e-01
-6.556593217666231155e-01
-2.391437879666941657e-01
-3.529352045381128899e-02
2.144446945971257845e-01
1.702661522189756749e-01
-8.185290166942769952e-02
-1.431763308907373355e-01
1.133113255123409657e-01
-3.498987391734853514e-01
-1.053095293809917621e+00
-1.534479625546699033e+00
-9.192708593604714817e-01
-7.700843784387335633e-01
-3.974234666379405922e-01
-3.354836359401104917e-01
-4.563661835599677197e-01
-6.932071718467163191e-01
-7.107628110589329085e-01
-3.211337034323082928e-01
-1.013841408422501145e-01
3.838611799124030943e-02
3.154985949533491985e-01
-4.998329223947062250e-02
1.668521990254823173e-02
6.780890585995724695e-02
-4.444837282726553651e-01
-2.424730416590321624e-01
-4.570387295934371652e-01
4.208841042044709768e-01
4.913207535766366263e-01
5.453388650170934993e-01
5.977256625769062914e-01
6.180271529676096831e-01
2.673925715461513697e-01
5.604314382224954150e-01
4.511682500139949648e-01
5.703788968530516534e-01
6.581076822369090751e-01
3.622950197576874087e-01
4.471117726574925788e-01
4.886803969809626613e-01
3.357401689315877569e-01
-2.265389079472158729e-01
-2.395184030447543022e-01
3.914570987646115441e-02
-2.882371461421962544e-01
-1.494013840931223414e-01
-1.040811455826702314e-01
-1.335366551291170989e+00
-1.477153829265658747e+00
-2.073852639346585036e+00
-2.573104059308503277e+00
-2.529432721624074620e+00
-3.166032165782243002e+00
-1.901161921625868167e+00
-5.137862561660704319e-01
1.141382196674889937e-01
1.954144656719660200e-01
4.301327812841432285e-01
3.354362680980847444e-01
3.917327671519499344e-01
5.611327870687348174e-01
6.052467835511406991e-01
3.731794952266335175e-01
2.445594795426333512e-01
2.121516152946778533e-01
1.060875781650051641e-01
3.721967622929005515e-01
-2.028271836948534745e-01
-1.357876025180616009e-01
2.983795539026115051e-01
2.365523820131250621e-01
1.344575284885458633e-01
-4.242875808859684073e-01
-1.247074415750035192e-01
2.400153604109589445e-02
4.007520452164526903e-01
4.752182675163699743e-01
5.815045878983157168e-01
7.027095289413995971e-01
5.188580867400658381e-01
4.336335602169777426e-01
5.354441149292790136e-01
4.877805032764465087e-01
1.948863354693388117e-01
-2.295925870310008499e+00
-2.224361214206777682e+00
-2.239428920192804817e+00
-2.249578420976483972e+00
-2.097583185030100328e+00
-2.038464304785387426e+00
-2.301282791661819704e+00
-2.081541877483245706e+00
-1.846488256909621484e+00
-2.072139440117672038e+00
-2.040082138056456440e+00
-2.430741171036600701e+00
-2.573083019877153710e+00
-2.556718971939491158e+00
-2.915859580683982433e+00
-3.259170885751448310e+00
-3.634447175312145450e+00
-4.059490207232247627e+00
-4.236372962346463211e+00
-4.286048994720274230e+00
-4.531863660395313964e+00
-3.076240255597858297e+00
-2.374922739258941817e+00
-1.948144563130334905e+00
-2.445671352148379718e+00
-2.111163062015454450e+00
-2.494905805076418570e+00
-2.843583457787229207e+00
-2.180520323717543008e+00
-2.832835070989364379e+00
-2.593370024177354960e+00
-2.519066876416159229e+00
-2.279827536211482375e+00
-2.166766333205185191e+00
-2.259327720722778210e+00
-2.243336259213235984e+00
-2.435161730113001521e+00
-2.276133871028263478e+00
-2.272866432873263065e+00
-1.971236623445470126e+00
-2.054108316556747305e+00
-1.950376372525263413e+00
-1.924940719328851024e+00
-1.840597058464553459e+00
-1.941222852942591448e+00
-1.645874724133839173e+00
-1.660037283282780329e+00
-1.513840488589867750e+00
-1.584935462317009325e+00
-1.550752708812022540e+00
-1.644926676846715008e+00
-1.783111949428875409e+00
-1.696705531736069084e+00
-1.717482676249525220e+00
-2.496270753469972181e+00
-2.546862924243171733e+00
-2.275763193197132939e+00
-1.856053766844691033e+00
-1.815628939736185554e+00
-1.922571054252350198e+00
-1.650046261708337347e+00
-1.674052499369048430e+00
-1.733196059369739306e+00
-1.610215258282240658e+00
-1.633393040749556047e+00
-1.958231549323515175e+00
-2.267303174150737899e+00
-1.983694016870332533e+00
-1.622310179273836805e+00
-1.970287492400647267e+00
-1.908338559398346401e+00
-2.095193102277151720e+00
-2.421607087547435810e+00
-2.651871720681356237e+00
-2.270561072869553332e+00
-2.303208812538827477e+00
-2.270300509796215671e+00
-2.080722652712215570e+00
-1.872057844654553715e+00
-1.883476571267279631e+00
-1.720130146741749133e+00
-1.785830436919173536e+00
-1.826803430208974177e+00
-2.118151262761665432e+00
-1.979495143808926105e+00
-2.247322452294599149e+00
-1.726500289029230917e+00
-1.831800606297230072e+00
-1.964249779756269465e+00
-1.748294137172758500e+00
-2.230206995578957851e+00
-1.842555810255979587e+00
-1.457647163647100008e+00
-1.865215531775439306e+00
-2.058033292738403741e+00
-1.816129943713260531e+00
-1.608978577567757196e+00
-1.824490577108277556e+00
-2.340445639346404594e+00
-2.020156036790642151e+00
-1.817910690794946937e+00
-2.156448201946813636e+00
-2.137712416303439333e+00
-2.223151795978580036e+00
-3.246019057244915462e+00
-3.640586679048106955e+00
-3.667183889062938906e+00
-2.444467614948907741e+00
-2.039756080878530220e+00
-1.813737572789370756e+00
-1.619722672723505674e+00
-1.628598874745217362e+00
-2.246591458578691469e+00
-2.845054152838693895e+00
-4.421002199319289616e+00
-4.893042236097757680e+00
-4.558861537642518336e+00
-4.473996155909355288e+00
-4.386816684248018738e+00
-4.020544480690594114e+00
-3.955703607683240364e+00
-4.025200992211241058e+00
-3.606505210229901337e+00
-3.557994554210595961e+00
-3.603263068144323622e+00
-3.357665828167841759e+00
-3.211458997309529551e+00
-2.940772603133356089e+00
-3.137682490959315285e+00
-2.906772298364816987e+00
-3.007391696436416684e+00
-2.880461563776003597e+00
-2.760015390793548296e+00
-2.866759025062986410e+00
-2.947632768261054803e+00
-3.070365783918048042e+00
-3.868912445679523859e+00
-3.965325254169377533e+00
-3.573701135497455272e+00
-3.751424166032844898e+00
-3.553502741845492086e+00
-3.342649918155906175e+00
-3.247443136618835879e+00
-3.199050923738346874e+00
-3.149186803707256121e+00
-3.136762623769600911e+00
-3.133592034503574819e+00
-2.460164983783624137e+00
-2.996797809572324667e+00
-3.011426923396603339e+00
-3.138568903319278736e+00
-3.405497518330589113e+00
-2.940499203244276938e+00
-2.975679416578777658e+00
-3.124098037614853496e+00
-3.005576072297415635e+00
-3.189812140195826817e+00
-3.463491457788994587e+00
-3.507781971684932554e+00
-3.145985533981182858e+00
-2.985382468553973823e+00
-3.140249446551227841e+00
-3.423255219276099659e+00
-3.295447819943237100e+00
-3.031421881205874413e+00
-2.991099075193642154e+00
-2.751764512067799817e+00
-2.848604210654026136e+00
-3.175867948930204410e+00
-2.761310579300184642e+00
-2.432618624985019018e+00
-2.544383505695361425e+00
-2.348610066935071572e+00
-2.417669147729546442e+00
-2.371854626682689204e+00
-2.146086697334311122e+00
-2.280886480435941888e+00
-2.252249112240649165e+00
-2.074858571614758507e+00
-2.095773896040086015e+00
-1.918116857299089872e+00
-1.796681644561690216e+00
-1.702112759856146518e+00
-1.753077158491041843e+00
-1.622998640130667969e+00
-1.986052047627578254e+00
-1.823450809626447455e+00
-1.936834749809716261e+00
-1.460424841837089538e+00
-1.747146269575707844e+00
-1.731510341733939917e+00
-1.603857265718533043e+00
-1.547531206195718489e+00
-1.444232481971739368e+00
-1.560607509179510632e+00
-1.618067810625641201e+00
-1.900177669359585764e+00
-1.788528070753626853e+00
-1.389204681294951893e+00
-1.670105906762165304e+00
-1.427919753857858520e+00
-1.517370732277806500e+00
-1.420010459341301878e+00
-1.233580842999985272e+00
-1.165488655815418717e+00
-1.261451215832554151e+00
-1.208827264434778836e+00
-1.097666826298814069e+00
-1.101611567474855669e+00
-1.317801716230971198e+00
-9.936925987471306732e-01
-9.002278473654816704e-01
-9.959057325948360573e-01
-1.625549492202931212e+00
-1.979146926251489358e+00
-2.261953927141730603e+00
-1.598683995877022923e+00
-1.887849858257666380e+00
-1.736104231513811769e+00
-1.298344878779599476e+00
-1.213422890006662147e+00
-1.371651315582669728e+00
-1.147408114710917637e+00
-1.241699692056245308e+00
-9.722895177407128164e-01
-9.687135574826215567e-01
-1.135741682545275744e+00
-8.819844384104050805e-01
-8.515798369772550336e-01
-8.455986818728380428e-01
-8.206177706167828712e-01
-8.068183374944859487e-01
-7.594387509137658920e-01
-9.697962214491950839e-01
-9.296649177585908363e-01
-1.649208048476754396e+00
-1.099090468601586323e+00
-9.817858825815923840e-01
-9.019038656143782973e-01
-9.420127201989122456e-01
-1.106099551506326772e+00
-1.181992807457084016e+00
-1.111923973783703667e+00
-1.044100775079797039e+00
-9.421337434933543253e-01
-1.170220178203924100e+00
-6.489648315484383145e-01
-7.407754829930014440e-01
-1.392808919657975597e+00
-8.126437426179122792e-01
-1.871499378357853960e+00
-1.301776357572004272e+00
-9.976712747266186510e-01
-1.016076365724956077e+00
-1.112263979053873086e+00
-7.170979823484080473e-01
-7.832176985884408138e-01
-1.130596585442497748e+00
-8.507874779332951221e-01
-7.604051427505571503e-01
-6.867556354853480149e-01
-7.524107912752012739e-01
-1.385551039683421415e+00
-1.553241063443547620e+00
-2.344870413777822460e+00
-2.583070637634008015e+00
-1.599484143142003489e+00
-1.049538772403869613e+00
-9.788700784348232098e-01
-1.844279454008658448e+00
-2.411583842074914497e+00
-5.047899758806975612e+00
-4.481763574513708548e+00
-4.330733417294032606e+00
-4.293814674096509520e+00
-4.084244607534221139e+00
-4.157438499589654057e+00
-3.950388345234022047e+00
-3.487882369277855776e+00
-3.598026992950274394e+00
-3.494381335220429818e+00
-3.368149191993387692e+00
-3.364211903273992554e+00
-3.075339458013643057e+00
-2.822216797543658284e+00
-1.474538896973607294e+00
-7.197229293043038156e-01
-4.079277204057747408e-01
-2.841744369440356577e-01
7.825216846034577234e-02
2.143394284551227713e-01
2.093083380559220830e-01
-5.729137289232363317e-01
-3.919027605114652202e-01
-4.343085642263552204e-01
-1.421222352907189901e+00
-2.116351908069211696e+00
-2.774875823016980103e+00
-4.122009896042976074e+00
-2.368968627474924649e+00
-1.108238978288824228e+00
-3.887962105205750030e-01
-2.634930582854508319e-01
8.921380989645644188e-02
3.808969372516788354e-01
2.433263372919942102e-01
2.471194132269498578e-01
1.491657480577819883e-01
4.687228111810399778e-01
5.486722310257253765e-01
-3.350858793330177554e-02
-4.077265081083299991e-01
-1.173930642403298474e+00
-1.689711833731876833e+00
-2.131409245556732834e+00
-2.077160637861553028e+00
-1.550261783914474112e+00
-1.293479797082620397e+00
-1.092587946492294515e+00
-2.101701588113425778e+00
-1.271683590398102304e+00
-4.633472396670648141e-01
-1.207527988360608540e-01
3.780342144824424544e-01
6.280711673785546734e-02
-1.052304176308794664e-01
-2.929868379550845670e-02
-2.816227350651815953e-01
-4.468943727037092417e-01
-1.985736510350125938e-01
1.242315175210902400e-01
1.670566374447606250e-01
1.946849481368913004e-01
-8.407992155387426780e-02
-6.363065509456394819e-01
3.346123077051963990e-01
4.264835222747113130e-01
8.163335562876835594e-01
9.708689040254577796e-01
1.063710487633736435e+00
1.014402868470480001e+00
1.108434430469680265e+00
1.078474289148420695e+00
1.217417179593973220e+00
1.184373689648045236e+00
1.248492841817345322e+00
1.141939699710408540e+00
1.317754626798359308e+00
1.228830416935979386e+00
1.218587219584571280e+00
1.447758640355063964e+00
1.574100508761505424e+00
1.462407460118770874e+00
1.677785410389895482e+00
1.788688442399949619e+00
1.706336405529466749e+00
1.332645690560958052e+00
1.712781145739400213e+00
1.464451380920663404e+00
1.321724832323541321e+00
1.392368561045027597e+00
1.329436350224469265e+00
1.386493163657016581e+00
1.401578472387797536e+00
1.594352434317556355e+00
1.529815045662651141e+00
1.772217115602334303e+00
1.482711608566641637e+00
8.980803825494007020e-01
1.208495791959079690e-01
-1.451473643241447231e+00
-3.407093845679148192e+00
-2.600164094561864481e+00
-3.276160244313442771e+00
-8.474188552609259739e-01
1.084337463507339394e-01
-2.317349258544366963e-02
6.959691104359272407e-02
3.496521539807477819e-01
4.567209804564921205e-01
3.956386712991306620e-01
6.176681173859595031e-01
-2.506986399394343923e-02
2.038986309916697159e-01
-1.114729638630334307e-01
1.305478985188677499e-01
4.253541526883145574e-01
-2.245670964290113480e-01
-4.605349713313380833e-01
-6.307278962547159529e-02
5.182207388498117906e-01
6.772796363347109994e-01
2.456374778973365314e-01
4.368511859936310415e-01
4.200843817453521201e-01
9.288726847337650527e-01
8.910656146654259979e-01
1.177818312876238505e+00
1.173255649354182140e+00
5.817370246827860969e-01
9.999381953923583977e-01
1.408986434539294397e+00
1.227205064013174418e+00
8.884610221112728690e-01
7.514064428096007831e-01
8.638499997956066156e-01
1.064405995115178083e+00
9.578281107160054875e-01
9.687335546134151487e-01
1.255119219793215279e+00
1.060679920545282151e+00
1.151096376371187446e+00
1.286938298356394839e+00
1.298585431066801021e+00
6.993885659022429646e-01
7.902852601021193024e-01
1.209747048860035257e+00
-9.444453725252210941e-01
-1.093460135350275753e+00
-1.010681631440726314e+00
-2.550345443527560763e-01
-8.093854456206514003e-01
3.245575124496791197e-02
2.768106755691198684e-01
1.790393793452578763e-01
9.043252989340982984e-01
7.666555252812218280e-01
1.128007469322309664e+00
1.330125247046999082e+00
1.360829470315088052e+00
9.384198243081790514e-01
6.358041806794233475e-01
6.328042724888904846e-01
-6.731488646838604817e-01
-1.239297032092176565e+00
-2.453269882194412776e+00
-2.064602964649946415e+00
-3.745240270373032532e-01
-1.566985513882924952e+00
-3.000009504963738305e+00
-1.489024724249717657e+00
-1.195987678600181958e+00
-1.835491813313318676e+00
-3.403771900096509206e+00
-2.389036230152768780e+00
-1.381185119098524261e+00
-8.395340744859920434e-01
-4.363992727436361574e-01
-2.388584930703656073e-01
-4.579617619835614217e-01
-7.616401432786555903e-01
-8.969887485332584953e-01
-3.318707261185434021e-01
1.927931649644007428e-01
4.950752446583690514e-01
6.884082507628527248e-01
7.047863443002679862e-01
7.335177917284870786e-01
6.767223516712636000e-01
7.258321493418415926e-01
1.927968139527777014e-01
3.705039472606843631e-01
-3.505548212681331433e-01
1.634477081369709595e-01
3.205879309571940672e-01
1.558167827490242185e-01
4.857302108987749945e-01
6.620276412964763990e-01
8.000204831799849758e-01
3.383676957837438715e-01
8.894568090025484208e-01
6.451981901199227432e-01
5.728040346312520681e-01
1.167055812952210447e-01
2.882623053919743383e-01
1.966585141243818446e-01
7.745602074384438929e-02
7.401103221839860913e-02
-1.500188348510758996e+00
-9.627553914026273363e-01
-1.660142788233018862e+00
-2.460751549157170981e+00
-1.354185238639275646e+00
-8.588471742542740373e-01
-8.206667060331510610e-01
-2.443352733154140921e+00
-8.905774611893978454e-01
-1.011948059340578965e+00
-2.310620349909917604e+00
-5.996625776890877058e-01
-3.650373175971445838e-01
-6.100596588243898388e-01
-5.702132964338770815e-01
-1.064633845597106276e+00
-1.011014331832075452e+00
-1.892647247961829204e-01
-1.104665266199898355e+00
-1.345400398909242234e+00
-2.105402887073340779e+00
-1.534083353009186634e+00
-1.813435528785411144e+00
-6.959757103467800743e-01
-2.622183413796348894e+00
-1.063456772979666232e+00
-1.651761273991267043e+00
-1.672530100902473560e+00
-3.283124450772435532e-01
6.054652167000023066e-01
6.971883911621280516e-01
9.552257934923072957e-01
7.018765216842091093e-01
7.948538278643038080e-01
-3.938448795469756680e-01
-1.155849396519341710e+00
-5.975499507256319953e-01
3.340044592431085091e-01
7.082378333099365042e-01
5.203041504456892286e-01
-1.091773993034745205e+00
-4.304834480417615294e-01
3.711734787630427412e-01
5.212649238960942455e-01
8.402224772573546607e-01
7.590218016453196270e-01
9.737737529825684080e-01
9.179852212613942575e-01
7.789327878888279155e-01
8.873219784009954703e-01
7.375669268809769141e-01
7.593188923146602098e-01
9.054967006117385919e-01
6.807094137235113473e-01
-6.606189120153583838e-01
-1.851688460808952053e-01
4.187187513607896205e-01
6.912817814179801346e-01
2.454465810204377041e-01
-4.959007831044598413e-01
-2.961834041607076529e+00
-2.354377509613958974e+00
-9.011522667943384635e-01
-1.215499765371150342e+00
-2.911878106013698897e-01
1.164945270204818251e-01
-7.571044366505810808e-02
-2.556302111481408845e-01
-4.059740889958802779e-01
-4.534901348466624516e-01
-9.122547098593837278e-01
-1.317452968474648045e-01
3.493069041495068805e-01
2.641920780613562503e-01
2.666319649173063966e-01
6.254401860405824909e-01
7.073700941495718597e-01
7.759338797206849492e-01
2.457376194405693770e-01
-8.079494927600240350e-01
-3.325440699156369528e-01
-1.211947979650308316e+00
-2.003707800906834979e+00
-2.485020038782531859e+00
-7.767644077540100112e-01
-1.987673522349951316e+00
-3.942237607218793682e-01
1.875276985226816406e-01
5.074107410487002090e-01
5.732226780140573519e-01
4.003426899203531564e-01
6.010422983074731329e-01
-2.679009641928766783e-01
3.294142490253362254e-01
5.245111761084767510e-01
2.493455517921446818e-01
-1.146056603572277233e+00
-4.134838259029278706e-01
2.599550138836672075e-01
-1.260402188492357189e-02
-2.047487891418144024e+00
-7.252962639416518087e-01
-1.450777296870368716e+00
-4.408290617165938619e-01
3.303672744048390952e-01
9.776038611207394924e-01
7.373439416546890834e-01
6.432361218348295884e-01
-8.808614592768025942e-01
-3.947558751875095973e-01
5.686640342745975518e-01
1.248881003056816763e-01
-2.143734395187224973e+00
-3.370900456812664925e-01
-2.411782765948952134e-01
-1.010793854320952256e+00
2.365082351515695458e-01
1.261814473982990348e-01
-1.562494809226275816e+00
-1.882218495519506263e+00
-2.950441381520337192e+00
-2.430955347833156033e+00
-1.094837012502360540e+00
-9.029348681576544466e-01
-1.298960658670925028e+00
-9.629055860494023511e-01
-8.642964948293760941e-01
-9.363359628521504829e-01
-8.288283778204188490e-01
-4.679144181789868795e-01
-9.262073044461531790e-01
-5.938872725967452720e-02
-1.957677070088101878e-01
1.632198248498549775e-01
2.298320258692649887e-01
5.222787969972134126e-02
-4.992771814359615035e-01
-1.085969182468083383e-01
-5.641140954808114838e-01
-1.478991976081021953e+00
-4.201549911452295838e-01
-6.680020333899221452e-01
-8.239836681790434492e-01
-3.404664429000356929e-01
-9.590997493756450165e-01
-6.230922275376710173e-01
-1.095150192192103356e-01
4.797927219697099011e-01
7.476480712008256591e-01
8.580261136782928455e-01
5.459791242809286516e-01
6.428049267731646976e-01
6.074363358463114038e-02
-1.846534168105533613e-01
-1.131968738727017337e-01
-4.694695934137211868e-01
-4.921285776481870156e-01
4.126515180319029197e-02
1.608297990286111090e-01
-5.503017310209606938e-02
-4.443091898733354528e-01
-2.933086923534686807e-01
-2.549436379416161191e+00
-4.020176707192526955e+00
-3.614277835701546593e+00
-3.607739720930782212e+00
-3.299533635664222864e+00
