2.635642886161804199e-01
1.666333079338073730e-01
-8.403617143630981445e-02
1.967465877532958984e-02
3.483666777610778809e-01
1.111866831779479980e-01
-1.227471828460693359e-01
8.608403801918029785e-02
-9.838342666625976562e-04
2.100043296813964844e-01
-6.071269512176513672e-01
-6.181697845458984375e-01
-2.843487858772277832e-01
1.349081397056579590e-01
-3.037340641021728516e-01
1.221828758716583252e-01
3.669018149375915527e-01
3.532914519309997559e-01
2.991418540477752686e-01
5.163852572441101074e-01
5.040832161903381348e-01
4.391624033451080322e-01
5.216653347015380859e-01
6.446624994277954102e-01
7.365600466728210449e-01
7.077212929725646973e-01
7.964860200881958008e-01
3.245609104633331299e-01
3.007366657257080078e-01
2.498185932636260986e-01
6.189632415771484375e-02
3.513106703758239746e-01
4.377558231353759766e-01
6.229209899902343750e-01
4.796245098114013672e-01
2.375243902206420898e-01
5.781978368759155273e-01
2.749879956245422363e-01
3.466064631938934326e-01
4.031057953834533691e-01
4.426067471504211426e-01
7.734712362289428711e-01
5.437198877334594727e-01
3.260375559329986572e-01
3.094581365585327148e-01
3.273454308509826660e-02
3.196477293968200684e-01
3.803792595863342285e-01
4.855035841464996338e-01
3.844248950481414795e-01
5.222198367118835449e-02
3.743523359298706055e-02
-1.693582534790039062e-01
2.591224908828735352e-01
5.168756842613220215e-02
3.206573724746704102e-01
2.754373550415039062e-01
6.339791417121887207e-02
5.178036689758300781e-01
6.728053689002990723e-01
5.287801027297973633e-01
5.848312377929687500e-02
-9.555280208587646484e-02
-1.107329130172729492e-02
1.354111731052398682e-01
-2.259103655815124512e-01
-1.714522242546081543e-01
-2.771519422531127930e-01
-4.089881181716918945e-01
-4.624827504158020020e-01
-8.078813552856445312e-02
-2.872897386550903320e-01
-1.024376749992370605e-01
-4.661595821380615234e-02
3.635960221290588379e-01
-2.554694414138793945e-01
1.164016127586364746e-01
4.646616578102111816e-01
6.430293917655944824e-01
5.557454228401184082e-01
5.130856633186340332e-01
7.530368566513061523e-01
5.864786505699157715e-01
3.645671606063842773e-01
7.697201967239379883e-01
8.903043270111083984e-01
9.946686029434204102e-01
8.488198518753051758e-01
7.807727456092834473e-01
8.825923800468444824e-01
9.904804229736328125e-01
8.596472144126892090e-01
6.986228227615356445e-01
7.411361932754516602e-01
9.350657463073730469e-02
3.106441497802734375e-01
4.206728637218475342e-01
4.894528388977050781e-01
5.800714492797851562e-01
5.889335274696350098e-01
6.892391443252563477e-01
6.298353672027587891e-01
7.493020892143249512e-01
5.820350646972656250e-01
7.288902997970581055e-01
7.995812892913818359e-01
8.757319450378417969e-01
1.035024642944335938e+00
9.553927183151245117e-01
8.463262319564819336e-01
7.802919149398803711e-01
7.264309525489807129e-01
9.414271712303161621e-01
-2.407167553901672363e-01
-5.582704544067382812e-01
-5.086811780929565430e-01
-5.185869932174682617e-01
-4.556834101676940918e-01
-2.888354659080505371e-01
-1.482069492340087891e-03
1.664562225341796875e-01
-3.371083736419677734e-02
-2.917429804801940918e-01
9.377405047416687012e-02
8.829942345619201660e-02
2.113168239593505859e-01
3.759505152702331543e-01
6.552808880805969238e-01
7.510099411010742188e-01
4.459279179573059082e-01
8.591349720954895020e-01
1.038567066192626953e+00
1.046768665313720703e+00
9.515836238861083984e-01
9.261449575424194336e-01
1.111509323120117188e+00
8.124279379844665527e-01
7.752648591995239258e-01
1.136167526245117188e+00
6.810325980186462402e-01
8.641020059585571289e-01
-8.572250604629516602e-01
-1.303791403770446777e+00
4.752461314201354980e-01
6.909496784210205078e-01
-1.451398491859436035e+00
5.474771857261657715e-01
3.473937511444091797e-01
6.585797667503356934e-01
-2.354255676269531250e+00
-2.818325281143188477e+00
-1.847192525863647461e+00
-9.012100696563720703e-01
-1.929520845413208008e+00
-2.076579570770263672e+00
-2.496114969253540039e+00
-2.250602722167968750e+00
-1.769042968750000000e+00
-1.957084178924560547e+00
-2.487025260925292969e+00
-2.649483680725097656e+00
-1.660866975784301758e+00
-7.003051042556762695e-01
-6.233447790145874023e-02
-2.866219878196716309e-01
1.969137787818908691e-01
5.678389072418212891e-01
5.507429838180541992e-01
7.047724723815917969e-01
7.880698442459106445e-01
1.030905127525329590e+00
8.553535938262939453e-01
4.628743529319763184e-01
1.064173221588134766e+00
1.149947285652160645e+00
9.069727659225463867e-01
7.926510572433471680e-01
1.052168011665344238e+00
5.213027000427246094e-01
9.943814277648925781e-01
7.392866015434265137e-01
9.627429246902465820e-01
1.070724964141845703e+00
-5.435925722122192383e-02
6.964212059974670410e-01
7.790484428405761719e-01
8.441702723503112793e-01
4.688033461570739746e-02
5.785405635833740234e-01
4.928912222385406494e-01
5.853134393692016602e-01
7.871904373168945312e-01
6.416030526161193848e-01
4.406751394271850586e-01
4.993538260459899902e-01
2.212826907634735107e-01
6.317681074142456055e-02
2.552029192447662354e-01
-7.630448341369628906e-01
1.661452651023864746e-02
-3.306585550308227539e-01
6.386789679527282715e-02
2.161436080932617188e-01
-4.457285404205322266e-01
-5.060467720031738281e-01
2.015200257301330566e-02
-2.795839309692382812e-01
-2.431581616401672363e-01
-4.077777266502380371e-01
-8.134986162185668945e-01
-2.294132232666015625e+00
-1.175628781318664551e+00
-3.216761350631713867e-02
1.721687316894531250e-01
-1.684911847114562988e-01
2.907999753952026367e-01
3.046131134033203125e-01
3.966559171676635742e-01
4.176475405693054199e-01
3.352267146110534668e-01
6.562696099281311035e-01
8.663785457611083984e-01
-1.780340671539306641e-01
-2.384541273117065430e+00
-8.525121212005615234e-01
6.147029399871826172e-01
3.884209990501403809e-01
7.267502546310424805e-01
3.577997684478759766e-01
-2.555352449417114258e-02
-8.251297473907470703e-02
-1.064720988273620605e+00
-1.939357519149780273e+00
-1.704890966415405273e+00
-8.787949085235595703e-01
-7.413361072540283203e-01
-9.652707576751708984e-01
-2.062175869941711426e-01
-1.328345537185668945e-01
3.554531931877136230e-02
3.962582051753997803e-01
3.237890005111694336e-01
-4.855770468711853027e-01
-1.737775802612304688e+00
-2.244496583938598633e+00
-1.287478208541870117e+00
-9.698152542114257812e-01
-4.142643809318542480e-01
-9.049993753433227539e-01
-3.854277133941650391e-01
2.525466084480285645e-01
6.500982046127319336e-01
2.432405948638916016e-02
3.190538883209228516e-01
-1.131677746772766113e+00
-1.623718142509460449e-01
8.956608176231384277e-02
4.530470669269561768e-01
-6.231046915054321289e-01
1.643224060535430908e-01
2.817587852478027344e-01
4.197193682193756104e-01
6.214253902435302734e-01
2.361218035221099854e-01
-2.933405041694641113e-01
7.469797134399414062e-01
1.272691249847412109e+00
4.861063361167907715e-01
2.896521091461181641e-01
-2.987162470817565918e-01
6.426818966865539551e-01
-5.496025085449218750e-03
1.291415393352508545e-01
1.027650833129882812e-01
-2.167913317680358887e-01
-7.141922712326049805e-01
7.712280750274658203e-02
-7.623175382614135742e-01
-1.087271332740783691e+00
-1.166857242584228516e+00
-4.700604081153869629e-01
-1.125681161880493164e+00
-9.822320938110351562e-01
-1.100024819374084473e+00
-8.208714723587036133e-01
-1.126950860023498535e+00
-3.923005461692810059e-01
-1.981371045112609863e-01
5.119159817695617676e-02
-1.280507087707519531e+00
-4.585703015327453613e-01
-8.306281566619873047e-01
5.677372217178344727e-02
5.865870118141174316e-01
7.913801074028015137e-02
3.061767816543579102e-01
3.406447768211364746e-01
7.128484249114990234e-01
7.517417669296264648e-01
7.870368361473083496e-01
4.140779972076416016e-01
6.992026567459106445e-01
-1.104432344436645508e-02
-7.973009347915649414e-01
-1.505514860153198242e+00
-2.349070310592651367e+00
-1.010966539382934570e+00
-2.612269878387451172e+00
-4.490769505500793457e-01
-2.743002176284790039e+00
-1.528319358825683594e+00
-4.639554619789123535e-01
-6.972658634185791016e-01
-2.405232191085815430e-01
1.540401875972747803e-01
1.515847742557525635e-01
4.458937346935272217e-01
4.049075841903686523e-01
5.229547619819641113e-01
2.915906310081481934e-01
1.069085597991943359e-01
2.890614867210388184e-01
6.179188489913940430e-01
7.429947853088378906e-01
8.648903369903564453e-01
2.912483215332031250e-01
-2.200410842895507812e+00
-5.111901760101318359e-01
6.046941876411437988e-02
-2.504683971405029297e+00
-3.723484277725219727e-02
1.511648893356323242e-01
-2.609032392501831055e-02
-6.729626655578613281e-02
-3.097954988479614258e-01
-2.652893066406250000e-01
4.964083433151245117e-02
3.222078680992126465e-01
3.882122337818145752e-01
2.982771396636962891e-01
2.548332810401916504e-01
2.262736856937408447e-01
6.084833741188049316e-01
7.688601613044738770e-01
3.453559875488281250e-01
7.629284262657165527e-01
8.458960056304931641e-01
3.807550668716430664e-01
6.420770287513732910e-01
4.429762363433837891e-01
4.580966532230377197e-01
1.080331206321716309e-01
4.607692658901214600e-01
7.287821769714355469e-01
-5.119119882583618164e-01
-4.427000880241394043e-01
1.399798393249511719e-01
-4.708211421966552734e-01
-1.118361353874206543e-01
7.454103231430053711e-01
8.121796846389770508e-01
-4.393491148948669434e-01
8.850193023681640625e-02
5.847423076629638672e-01
1.933878660202026367e-01
7.500512599945068359e-01
6.623106598854064941e-01
4.341937899589538574e-01
5.013218522071838379e-02
7.658857107162475586e-01
1.512197375297546387e+00
3.201010227203369141e-01
5.305585861206054688e-01
8.188248872756958008e-01
9.405028820037841797e-01
1.027926921844482422e+00
7.770878076553344727e-01
1.070451855659484863e+00
9.675787687301635742e-01
2.465860545635223389e-01
-2.088699340820312500e-01
2.877060770988464355e-01
6.074354648590087891e-01
7.481657862663269043e-01
7.870737314224243164e-01
3.348603844642639160e-01
7.671234607696533203e-01
8.381961584091186523e-01
7.552259564399719238e-01
8.432531356811523438e-01
7.933646440505981445e-01
4.540047049522399902e-01
5.680619478225708008e-01
4.803132414817810059e-01
7.514112591743469238e-01
-4.205883741378784180e-01
3.350000977516174316e-01
7.786285877227783203e-01
6.587313413619995117e-01
5.008281469345092773e-01
1.300083398818969727e-01
-6.703363656997680664e-01
-1.142464876174926758e-01
2.275434732437133789e-01
5.951160192489624023e-01
-2.991973161697387695e-01
1.757691800594329834e-01
-1.891243457794189453e-02
-1.737675070762634277e-01
-1.931664228439331055e+00
-1.516307592391967773e+00
-4.383746981620788574e-01
-2.029073834419250488e-01
2.372647821903228760e-01
-1.566374301910400391e-02
-5.427448749542236328e-01
-3.695546984672546387e-01
-2.264791727066040039e-01
-1.987777948379516602e-01
-1.600563287734985352e+00
-4.198890328407287598e-01
9.962505102157592773e-02
-2.321600914001464844e-02
-1.508032560348510742e+00
-1.266329884529113770e+00
-1.552742242813110352e+00
-1.014177560806274414e+00
-8.234103918075561523e-01
-8.547750711441040039e-01
-1.718748092651367188e+00
-1.947463512420654297e+00
-2.259356021881103516e+00
-1.944735765457153320e+00
-8.574962615966796875e-01
-4.974323511123657227e-01
-3.974234461784362793e-01
-5.364832878112792969e-01
-4.581747651100158691e-01
-9.825264215469360352e-01
-7.254605293273925781e-01
6.199359893798828125e-02
-7.776536941528320312e-01
-7.668567895889282227e-01
-1.935404539108276367e-01
-6.878912448883056641e-02
5.161960721015930176e-01
3.512217402458190918e-01
-7.751336097717285156e-01
-1.668906211853027344e-01
3.265009820461273193e-01
6.039674282073974609e-01
6.991482377052307129e-01
8.691927194595336914e-01
6.813367605209350586e-01
8.379313945770263672e-01
8.496651649475097656e-01
5.006647706031799316e-01
6.346816420555114746e-01
3.548432588577270508e-01
2.589917778968811035e-01
-1.409104466438293457e+00
-1.703392028808593750e+00
-1.357193946838378906e+00
-1.374098181724548340e+00
-1.778088331222534180e+00
-1.070932745933532715e+00
-9.321737289428710938e-02
-1.023692607879638672e+00
-7.332570552825927734e-01
-7.286226749420166016e-01
-7.510602474212646484e-01
-2.345778465270996094e+00
-1.570402622222900391e+00
-7.437914609909057617e-01
-3.032196760177612305e-01
-3.548489809036254883e-01
-1.844473838806152344e+00
-1.315410733222961426e+00
-1.292700529098510742e+00
-2.245827198028564453e+00
-2.133121728897094727e+00
-1.530984640121459961e+00
-2.263312101364135742e+00
-2.814988851547241211e+00
-1.517706871032714844e+00
1.469168365001678467e-01
3.147270381450653076e-01
7.684847712516784668e-02
-3.099729418754577637e-01
2.432103157043457031e-01
-2.440364956855773926e-01
6.269246339797973633e-02
5.337844491004943848e-01
4.965371787548065186e-01
3.356817364692687988e-01
5.812863707542419434e-01
3.433688282966613770e-01
5.311529636383056641e-01
4.272837638854980469e-01
3.813380300998687744e-01
6.891323924064636230e-01
1.687026619911193848e-01
-1.547912120819091797e+00
-8.275260925292968750e-01
-3.471781611442565918e-01
-7.604241371154785156e-03
1.990944147109985352e-03
-9.704164266586303711e-01
-6.174367666244506836e-01
3.647226393222808838e-01
-1.672626137733459473e-01
6.886020898818969727e-01
7.981861829757690430e-01
-3.759872913360595703e-01
7.340067028999328613e-01
6.389985084533691406e-01
8.381723165512084961e-01
1.036152839660644531e+00
1.074172735214233398e+00
1.005485057830810547e+00
7.522358298301696777e-01
7.997558116912841797e-01
4.159011244773864746e-01
-3.232915997505187988e-01
-1.568951129913330078e+00
-9.372726678848266602e-01
1.933805346488952637e-01
5.917181968688964844e-01
-1.687361240386962891e+00
-6.942590475082397461e-01
-4.499657750129699707e-01
1.202120482921600342e-01
3.254464566707611084e-01
3.337466120719909668e-01
-1.879426479339599609e+00
-2.564489841461181641e+00
-4.410330057144165039e-01
-1.858309030532836914e+00
-8.474730253219604492e-01
-2.115086078643798828e+00
-2.815548658370971680e+00
-1.227815032005310059e+00
-4.096923470497131348e-01
-9.599804878234863281e-01
-3.051919341087341309e-01
3.302882313728332520e-01
2.326447069644927979e-01
-2.528639435768127441e-01
1.252857148647308350e-01
5.709175467491149902e-01
-1.633638858795166016e+00
-5.109251737594604492e-01
-1.968630552291870117e-01
-5.088329315185546875e-01
-5.827652215957641602e-01
-2.126219511032104492e+00
-2.745037555694580078e+00
-1.941009998321533203e+00
-9.368354082107543945e-01
-7.876602411270141602e-01
-3.117881417274475098e-01
-4.364466071128845215e-01
-2.506418466567993164e+00
-1.680792331695556641e+00
-2.970726490020751953e-01
-1.722590327262878418e-01
7.166939973831176758e-02
3.736727237701416016e-01
-2.977271676063537598e-01
-8.650883436203002930e-01
-7.240461111068725586e-01
2.061435878276824951e-01
5.219261050224304199e-01
1.419299840927124023e-01
3.242743909358978271e-01
-4.128665328025817871e-01
1.624251902103424072e-01
-4.240572452545166016e-03
-1.204091310501098633e-02
-1.666107773780822754e-01
-4.650290608406066895e-01
-1.437120556831359863e+00
-2.112088680267333984e+00
-2.718540668487548828e+00
-2.644787549972534180e+00
-1.357072830200195312e+00
-7.621383666992187500e-01
-1.847412824630737305e+00
-2.375449657440185547e+00
-1.319676995277404785e+00
-1.999295949935913086e+00
-2.347185373306274414e+00
-2.189003467559814453e+00
-2.166063308715820312e+00
-1.724481344223022461e+00
-6.529408693313598633e-02
-8.817757368087768555e-01
-3.266463875770568848e-01
-1.725331544876098633e-01
-8.196762800216674805e-01
2.659860849380493164e-01
-2.092713117599487305e-02
3.858652710914611816e-01
7.909817695617675781e-01
8.094352483749389648e-01
3.090726435184478760e-01
-9.820485115051269531e-02
-1.018103599548339844e+00
-3.363865613937377930e-01
1.187683045864105225e-01
2.734484672546386719e-01
1.979624927043914795e-01
-4.218443632125854492e-01
-1.109358310699462891e+00
-2.188030719757080078e+00
-8.713214397430419922e-01
-1.115453124046325684e+00
-1.092499494552612305e+00
-1.059413552284240723e+00
-1.829585790634155273e+00
-2.386526346206665039e+00
-2.720955371856689453e+00
-1.306391835212707520e+00
-8.454697132110595703e-01
-9.939638376235961914e-01
-1.777856349945068359e+00
-1.304447293281555176e+00
-2.048545598983764648e+00
-1.875465154647827148e+00
-2.016928672790527344e+00
-1.114421606063842773e+00
-1.308215498924255371e+00
-1.654721975326538086e+00
-1.468558073043823242e+00
-1.754293203353881836e+00
-4.964751005172729492e-01
8.289805054664611816e-02
4.238864481449127197e-01
4.392726421356201172e-01
2.261704206466674805e-01
3.473921418190002441e-01
3.259747028350830078e-01
1.950917541980743408e-01
4.130279123783111572e-01
-4.399846196174621582e-01
-2.437762022018432617e+00
-1.421988010406494141e+00
-4.299813508987426758e-01
-1.008356213569641113e+00
-9.611960649490356445e-01
-8.331881761550903320e-01
-3.025051355361938477e-01
-9.629065990447998047e-01
-1.279587745666503906e+00
-1.223684787750244141e+00
-2.012784004211425781e+00
-2.642276763916015625e+00
-2.580482482910156250e+00
-1.970146417617797852e+00
-9.897276163101196289e-01
-4.955534338951110840e-01
4.152593016624450684e-02
-3.416068553924560547e-01
2.790105342864990234e-02
1.530674695968627930e-01
-4.932307600975036621e-01
-2.200531959533691406e-02
-3.294484019279479980e-01
3.902314007282257080e-01
9.727042913436889648e-02
4.874865114688873291e-01
-1.326762437820434570e-01
4.267306327819824219e-01
5.289878249168395996e-01
-1.279776692390441895e-01
2.549985647201538086e-01
4.132893085479736328e-01
4.389811456203460693e-01
-5.219318866729736328e-01
-5.691987276077270508e-02
2.099103629589080811e-01
3.173207938671112061e-01
3.894456624984741211e-01
5.733408331871032715e-01
1.956514716148376465e-01
-2.145522236824035645e-01
-3.421009182929992676e-01
-1.942959427833557129e-01
-3.079739212989807129e-01
-2.223197221755981445e-01
3.014906942844390869e-01
5.359345078468322754e-01
-2.919035553932189941e-01
-4.461572170257568359e-01
-2.134949922561645508e+00
-5.085593461990356445e-02
-1.941661834716796875e-01
1.583858132362365723e-01
8.324229717254638672e-02
-1.635951995849609375e-01
-8.579097986221313477e-01
-7.707589864730834961e-01
-9.735237360000610352e-01
-1.513764262199401855e-01
-3.320071101188659668e-01
-1.627872586250305176e-01
2.026656568050384521e-01
4.867338240146636963e-01
3.944199979305267334e-01
3.279761672019958496e-01
3.817707300186157227e-01
2.213783562183380127e-01
2.927407920360565186e-01
-5.553823709487915039e-02
2.470098733901977539e-01
3.069969415664672852e-01
5.211107730865478516e-01
2.641161084175109863e-01
-2.463498711585998535e-01
2.173286080360412598e-01
3.720807135105133057e-01
3.039237558841705322e-01
2.409828007221221924e-01
1.035211086273193359e-01
4.757118821144104004e-01
-9.256434440612792969e-02
8.353045582771301270e-02
2.930632233619689941e-01
2.008418738842010498e-01
-8.270287513732910156e-01
-2.961188554763793945e-01
-3.929645419120788574e-01
2.823540568351745605e-02
5.938842892646789551e-02
-6.614500284194946289e-02
-3.029882907867431641e-02
1.027998924255371094e-01
-1.224663257598876953e-01
-4.372854232788085938e-01
-5.152562856674194336e-01
-3.473386764526367188e-01
-1.168321132659912109e+00
-1.437616348266601562e-02
6.336182951927185059e-01
4.474830329418182373e-01
-3.660454154014587402e-01
-5.503937005996704102e-01
-9.430203437805175781e-01
-5.213366746902465820e-01
-1.868124008178710938e-01
1.933593451976776123e-01
3.480097651481628418e-02
2.116579413414001465e-01
-3.294309973716735840e-01
-2.467189311981201172e+00
-1.658720731735229492e+00
-4.778717756271362305e-01
2.141848504543304443e-01
8.234369754791259766e-02
3.993645906448364258e-01
1.854088902473449707e-02
-2.099754214286804199e-01
-2.722460627555847168e-01
-6.657302379608154297e-03
1.822241246700286865e-01
1.221081912517547607e-01
-3.950478434562683105e-01
-1.070484042167663574e+00
-1.819430589675903320e-01
-3.260647058486938477e-01
1.017858982086181641e-01
7.524371147155761719e-02
-2.252842783927917480e-01
-1.394439339637756348e-01
-2.057153582572937012e-01
-2.267947435379028320e+00
-2.414330244064331055e+00
-1.707448959350585938e+00
-7.302296161651611328e-02
-7.792246341705322266e-02
-3.106691837310791016e-01
3.060166835784912109e-01
3.696839511394500732e-01
5.109415650367736816e-01
2.410068213939666748e-01
-3.126611113548278809e-01
-5.065608024597167969e-01
-2.661755681037902832e-01
-4.750868678092956543e-01
-2.132855892181396484e+00
-9.017775058746337891e-01
-8.875627517700195312e-01
-7.609885931015014648e-01
-2.011617183685302734e+00
-2.327204227447509766e+00
-2.111064910888671875e+00
-2.233705043792724609e+00
-2.259438276290893555e+00
-1.370193839073181152e+00
-2.025818228721618652e-01
2.166043221950531006e-01
2.073074281215667725e-01
3.371669650077819824e-01
2.750239968299865723e-01
3.188496232032775879e-01
-5.271215438842773438e-01
-6.363316774368286133e-01
-1.589288115501403809e-01
4.402008652687072754e-02
-1.829210519790649414e-01
-1.728358983993530273e+00
-7.347375154495239258e-01
3.986090421676635742e-02
2.903274297714233398e-01
5.755175352096557617e-01
5.480030775070190430e-01
2.933417558670043945e-01
6.210088729858398438e-01
7.793171405792236328e-01
9.463026523590087891e-01
8.365409970283508301e-01
4.674509763717651367e-01
7.884228825569152832e-01
7.823185920715332031e-01
9.192100763320922852e-01
1.792684793472290039e-01
3.913078606128692627e-01
4.894837737083435059e-01
6.048536896705627441e-01
4.101120531558990479e-01
4.079313278198242188e-01
3.096268177032470703e-01
5.419271588325500488e-01
4.188457131385803223e-01
1.832854747772216797e-01
5.418077707290649414e-01
-8.998548984527587891e-02
2.738927006721496582e-01
2.733990550041198730e-01
1.112264990806579590e-01
4.259654879570007324e-01
6.250780820846557617e-01
6.013385653495788574e-01
9.201240539550781250e-02
-3.270539045333862305e-01
-8.727747201919555664e-02
-4.158080220222473145e-01
-2.245870828628540039e+00
-2.632527589797973633e+00
-1.055564761161804199e+00
-1.501110315322875977e+00
-2.092810153961181641e+00
-2.657141685485839844e+00
-8.229809999465942383e-01
3.309738636016845703e-02
-2.680344581604003906e-01
2.276370823383331299e-01
3.142093420028686523e-01
3.935690820217132568e-01
3.418765068054199219e-01
-6.687186956405639648e-01
-6.150220632553100586e-01
5.369877815246582031e-02
2.234458923339843750e-03
-2.433428168296813965e-01
-9.435838460922241211e-02
-4.811629056930541992e-01
7.004350423812866211e-02
8.074361085891723633e-02
-6.343040466308593750e-01
-1.936952114105224609e+00
-9.201699495315551758e-01
3.621230125427246094e-01
2.485100626945495605e-01
2.529631257057189941e-01
5.821081995964050293e-01
7.622050046920776367e-01
2.877845764160156250e-01
-1.020633220672607422e+00
-4.345075488090515137e-01
1.816726326942443848e-01
-1.496588468551635742e+00
-3.199241757392883301e-01
1.622261404991149902e-01
-4.581791162490844727e-02
3.108532428741455078e-01
2.411594390869140625e-01
2.373763620853424072e-01
4.808522462844848633e-01
2.819662094116210938e-01
2.679374217987060547e-01
-5.877101421356201172e-02
3.735113739967346191e-01
2.795919775962829590e-02
1.709633171558380127e-01
-1.792806386947631836e-01
1.685664653778076172e-01
2.701279520988464355e-01
-1.319462656974792480e+00
-2.467234373092651367e+00
-2.495090246200561523e+00
-1.066332221031188965e+00
-1.446852207183837891e+00
-2.996742725372314453e-03
-1.424590945243835449e-01
1.210993528366088867e-01
-4.209148883819580078e-02
9.306508302688598633e-02
-1.184571385383605957e-01
3.729331493377685547e-02
-2.846813201904296875e-02
7.199969887733459473e-02
-8.248034715652465820e-01
-3.390838503837585449e-01
-2.463016510009765625e-01
-1.071963548660278320e+00
-2.251318931579589844e+00
-7.133743762969970703e-01
-1.517182588577270508e-01
-6.368380784988403320e-01
-3.999632000923156738e-01
-1.892015933990478516e+00
-2.454340934753417969e+00
-1.229960441589355469e+00
-2.556861639022827148e-01
-2.582479119300842285e-01
-1.499348878860473633e-01
-3.084813356399536133e-01
-2.486639618873596191e-01
-1.899909973144531250e-01
9.265473484992980957e-02
1.053651273250579834e-01
7.788029313087463379e-02
-9.273943901062011719e-01
-3.083539605140686035e-01
2.804044187068939209e-01
1.644028723239898682e-01
3.483307957649230957e-01
-1.480649113655090332e-01
-1.387695074081420898e-01
-2.375106811523437500e-01
-6.809486150741577148e-01
-2.542881965637207031e-01
-3.152803182601928711e-01
-3.469443917274475098e-01
-5.533647537231445312e-01
-4.888176918029785156e-03
-1.210095286369323730e-01
3.891593813896179199e-01
7.839462161064147949e-01
7.831130027770996094e-01
9.494477510452270508e-01
7.376434803009033203e-01
7.720944881439208984e-01
4.697671830654144287e-01
1.653901636600494385e-01
3.185361623764038086e-02
2.881851494312286377e-01
-3.840770125389099121e-01
2.375206947326660156e-01
1.838434040546417236e-01
3.024976849555969238e-01
6.569392681121826172e-01
6.955117583274841309e-01
-1.387624979019165039e+00
-1.490958690643310547e+00
2.840048074722290039e-02
-1.126151919364929199e+00
-1.278800606727600098e+00
-4.497550725936889648e-01
-7.131509780883789062e-01
-6.428916454315185547e-01
-2.122433781623840332e-01
-3.405201435089111328e-01
-2.212051153182983398e-01
-5.574333667755126953e-01
-8.005888462066650391e-01
-4.789493680000305176e-01
-1.588523149490356445e+00
-2.425490856170654297e+00
-1.576537609100341797e+00
-7.869088649749755859e-02
1.698569357395172119e-01
1.206470727920532227e-01
3.362006843090057373e-01
4.135094881057739258e-01
6.827635169029235840e-01
6.084505915641784668e-01
-1.786358356475830078e-01
-1.189059972763061523e+00
-1.853500008583068848e-01
2.942215800285339355e-01
2.039788365364074707e-01
2.216554284095764160e-01
-6.381111145019531250e-01
-1.965909600257873535e-01
-2.090399265289306641e-01
2.117877006530761719e-01
5.106652379035949707e-01
1.669583022594451904e-01
5.441876053810119629e-01
4.760417938232421875e-01
3.775622844696044922e-01
-8.813244104385375977e-02
-3.553768992424011230e-01
-1.502632498741149902e-01
-4.402732253074645996e-01
-5.014187097549438477e-02
-5.839836597442626953e-02
4.611500203609466553e-01
1.715379655361175537e-01
5.465279221534729004e-01
8.752037286758422852e-01
1.152058839797973633e+00
8.581490516662597656e-01
1.131994962692260742e+00
1.242161989212036133e+00
-3.701963424682617188e-01
6.788835525512695312e-01
6.299324035644531250e-01
6.929189562797546387e-01
2.058438658714294434e-01
1.564941704273223877e-01
3.731536865234375000e-01
2.705060541629791260e-01
-1.123153567314147949e-01
-2.682014703750610352e-01
3.739982843399047852e-03
-2.450865983963012695e+00
-1.613565683364868164e+00
-2.223622798919677734e-01
-2.005133628845214844e-01
1.608339548110961914e-01
4.268049001693725586e-01
4.262540042400360107e-01
-7.509317398071289062e-01
-2.461106300354003906e+00
-7.401846647262573242e-01
-1.495394110679626465e+00
-1.777659177780151367e+00
-5.015711784362792969e-01
2.245341539382934570e-01
4.927002489566802979e-01
3.619497418403625488e-01
1.442125737667083740e-01
-6.737447977066040039e-01
-4.964590072631835938e-02
3.465462923049926758e-01
1.320504546165466309e-01
5.435675382614135742e-02
4.680262804031372070e-01
6.960376501083374023e-01
3.527942299842834473e-01
-3.391942977905273438e-01
1.503853201866149902e-01
-1.254428267478942871e+00
-2.388888597488403320e-02
2.125020921230316162e-01
-1.491485834121704102e-01
-4.783732891082763672e-01
4.199064075946807861e-01
4.975341856479644775e-01
3.754068911075592041e-01
-6.636610031127929688e-01
-1.126439690589904785e+00
6.941989660263061523e-01
8.666798472404479980e-01
-3.366408944129943848e-01
-4.854514002799987793e-01
1.533586978912353516e-01
6.515222191810607910e-01
7.188296318054199219e-01
3.892406225204467773e-01
-6.079845428466796875e-01
-3.783549666404724121e-01
-1.930873394012451172e-01
-3.300612568855285645e-01
-1.577014446258544922e+00
-3.179225325584411621e-01
-4.192789196968078613e-01
1.354632377624511719e-01
-5.446255207061767578e-03
-4.996890425682067871e-01
-1.080866456031799316e+00
-1.146202683448791504e-01
3.336671590805053711e-01
3.309949934482574463e-01
2.940185666084289551e-01
9.844790101051330566e-01
1.036189317703247070e+00
-1.709123253822326660e-01
3.706718981266021729e-01
-3.462194204330444336e-01
2.276449203491210938e-01
-3.897692561149597168e-01
8.305711746215820312e-01
4.378693997859954834e-01
-5.521336793899536133e-01
1.000939607620239258e-01
1.336987316608428955e-01
6.266233325004577637e-02
3.119012713432312012e-01
-2.522675991058349609e-01
8.297545909881591797e-01
9.104819297790527344e-01
-6.458461284637451172e-03
-5.177243947982788086e-01
-8.537654876708984375e-01
-8.230290412902832031e-01
-5.634028911590576172e-01
-7.546747922897338867e-01
-4.774928092956542969e-02
-9.009540081024169922e-02
1.676319539546966553e-01
1.171287894248962402e-01
6.704398989677429199e-02
-4.903092384338378906e-01
2.484090924263000488e-01
2.019475400447845459e-01
-2.321569919586181641e-01
3.060166835784912109e-01
-5.368554592132568359e-02
5.028310418128967285e-01
3.610414266586303711e-02
6.852575540542602539e-01
-3.972353935241699219e-01
-5.542072057723999023e-01
3.302723169326782227e-02
2.937656641006469727e-02
9.727716445922851562e-02
-1.921813488006591797e-01
-3.492967486381530762e-01
-1.485662460327148438e-01
2.690189480781555176e-01
3.885886073112487793e-01
8.112362027168273926e-01
7.418401241302490234e-01
2.679033279418945312e-01
7.191059589385986328e-01
7.374180555343627930e-01
1.054106235504150391e+00
6.363604664802551270e-01
6.884728074073791504e-01
-1.004583001136779785e+00
-6.021296977996826172e-02
-8.207794427871704102e-01
-2.030699849128723145e-01
1.704944372177124023e-01
3.420329689979553223e-01
-2.850659489631652832e-01
-5.394500494003295898e-01
-1.734902143478393555e+00
-6.462373733520507812e-01
-1.210353374481201172e-01
-2.164965867996215820e-01
1.879511177539825439e-01
3.202855885028839111e-01
-2.616433501243591309e-01
-2.650387287139892578e-01
-1.059152483940124512e-01
2.479133903980255127e-01
-2.265014052391052246e-01
4.302524626255035400e-01
1.858261823654174805e-01
1.033374309539794922e+00
9.636681079864501953e-01
9.385350942611694336e-01
1.126989126205444336e+00
-1.592469215393066406e-01
-3.944528102874755859e-01
-2.219440340995788574e-01
-1.154194474220275879e-01
-2.334349155426025391e-01
4.482648372650146484e-01
5.837532877922058105e-01
7.439477443695068359e-01
1.068935394287109375e+00
8.963494896888732910e-01
1.009802103042602539e+00
3.829058706760406494e-01
8.632377386093139648e-01
7.493625879287719727e-01
6.723530888557434082e-01
3.487864732742309570e-01
2.984139919281005859e-01
1.298636794090270996e-01
1.915012896060943604e-01
4.061506986618041992e-01
-5.543699264526367188e-01
-2.673916816711425781e-01
1.017176806926727295e-01
-5.545992851257324219e-01
-4.800311923027038574e-01
-3.532580733299255371e-01
-2.621634006500244141e-01
-7.158111333847045898e-01
-2.823079824447631836e-01
-1.742498278617858887e-01
1.312777400016784668e-01
1.873418688774108887e-02
-1.978012323379516602e-01
-2.580728530883789062e-01
3.713965415954589844e-02
-3.881340026855468750e-01
-1.481900691986083984e+00
-1.635748624801635742e+00
-8.552721738815307617e-01
-6.772284507751464844e-01
-5.399061441421508789e-01
-3.783556818962097168e-01
-4.935174584388732910e-01
-4.148361086845397949e-01
-3.639968633651733398e-01
-3.558291792869567871e-01
-1.732513904571533203e-01
-8.771300315856933594e-03
2.805455327033996582e-01
-1.397855877876281738e-01
-9.862500429153442383e-02
-2.854424715042114258e-02
-3.661908507347106934e-01
-2.772122025489807129e-01
-6.080613136291503906e-01
2.756668031215667725e-01
3.781051933765411377e-01
3.938036859035491943e-01
4.299327433109283447e-01
5.050483345985412598e-01
1.251802444458007812e-01
4.310808479785919189e-01
3.905123472213745117e-01
5.651710629463195801e-01
7.257484793663024902e-01
2.998487651348114014e-01
4.598628580570220947e-01
5.230015516281127930e-01
3.577536344528198242e-01
-3.473407030105590820e-01
-4.192471504211425781e-01
-3.994977474212646484e-02
-4.708956480026245117e-01
-2.753739953041076660e-01
-1.419443488121032715e-01
-1.562326431274414062e+00
-1.053739070892333984e+00
-1.970860958099365234e+00
-2.108315229415893555e+00
-1.992547512054443359e+00
-2.316641569137573242e+00
-2.057559251785278320e+00
-5.896372795104980469e-01
7.868444919586181641e-02
1.572800576686859131e-01
3.663046956062316895e-01
2.343497574329376221e-01
3.043482303619384766e-01
5.152737498283386230e-01
5.865286588668823242e-01
3.281496167182922363e-01
2.172725200653076172e-01
1.892215013504028320e-01
3.341284394264221191e-02
2.631751894950866699e-01
-2.700157761573791504e-01
-2.386311292648315430e-01
2.528762519359588623e-01
2.922638654708862305e-01
1.195813417434692383e-01
-4.980499148368835449e-01
-1.476996541023254395e-01
4.075327515602111816e-02
4.311659336090087891e-01
4.780383706092834473e-01
5.113226771354675293e-01
7.316273450851440430e-01
5.636575222015380859e-01
3.769485950469970703e-01
5.814696550369262695e-01
4.874588251113891602e-01
2.273120284080505371e-01
-4.089849591255187988e-01
1.026977598667144775e-01
-7.570388317108154297e-01
-3.377115726470947266e-01
-3.996728658676147461e-01
-1.705136299133300781e-01
-1.155919313430786133e+00
-5.097652673721313477e-01
-2.294419407844543457e-01
-9.739798307418823242e-01
-5.850797891616821289e-01
-1.226683020591735840e+00
-1.782973766326904297e+00
-1.335446715354919434e+00
-2.148326158523559570e+00
-1.792057752609252930e+00
-1.607093334197998047e+00
-2.686408519744873047e+00
-2.680352926254272461e+00
-2.680352926254272461e+00
-2.881716012954711914e+00
-2.160107374191284180e+00
-1.007669091224670410e+00
-2.970694303512573242e-01
-1.647004842758178711e+00
-8.174104690551757812e-01
-1.583307981491088867e+00
-2.301911354064941406e+00
-1.001225709915161133e+00
-2.175410270690917969e+00
-1.864973068237304688e+00
-1.255127310752868652e+00
-5.160130262374877930e-01
-1.067519307136535645e+00
-1.216425538063049316e+00
-1.261072397232055664e+00
-1.839569807052612305e+00
-1.958797931671142578e+00
-1.299513936042785645e+00
-7.883529663085937500e-01
-1.142166018486022949e+00
-5.204265117645263672e-01
-3.055920004844665527e-01
-2.721107602119445801e-01
-2.479344010353088379e-01
1.402636766433715820e-01
2.700138986110687256e-01
1.455668210983276367e-01
-1.433199048042297363e-01
-1.281418800354003906e-01
-3.936814665794372559e-01
-4.291677474975585938e-01
-2.665722370147705078e-02
-2.611506581306457520e-01
-1.773543834686279297e+00
-1.939230442047119141e+00
-1.231756806373596191e+00
-4.122520685195922852e-01
-6.204361915588378906e-01
-4.693936109542846680e-01
2.462685108184814453e-03
1.289002895355224609e-01
1.207030415534973145e-01
2.519919276237487793e-01
9.122699499130249023e-03
-1.013995647430419922e+00
-1.256816029548645020e+00
-4.896374344825744629e-01
-1.121197938919067383e-01
-1.149058103561401367e+00
-1.035478353500366211e+00
-1.142782211303710938e+00
-1.852921009063720703e+00
-1.982416391372680664e+00
-1.333523273468017578e+00
-1.322987914085388184e+00
-1.225941658020019531e+00
-1.110543966293334961e+00
-6.236529350280761719e-01
-4.420323967933654785e-01
-1.632711887359619141e-01
-6.452119350433349609e-01
-9.159617424011230469e-01
-1.230575680732727051e+00
-9.803513288497924805e-01
-1.335032939910888672e+00
-3.203169703483581543e-01
-4.461997151374816895e-01
-1.120019316673278809e+00
-1.722410321235656738e-01
-1.173444628715515137e+00
-4.630118608474731445e-01
2.956894636154174805e-01
-8.780204057693481445e-01
-1.184918045997619629e+00
-7.916014194488525391e-01
-3.791174888610839844e-01
-9.613797664642333984e-01
-1.726772785186767578e+00
-1.153986454010009766e+00
-7.351447343826293945e-01
-1.016822457313537598e+00
-1.198044776916503906e+00
-9.286684989929199219e-01
-1.671941757202148438e+00
-2.220167875289916992e+00
-2.663316249847412109e+00
-1.099738597869873047e+00
-4.156469702720642090e-01
-3.227567672729492188e-02
2.161638736724853516e-01
-2.050066590309143066e-01
-1.280533671379089355e+00
-2.052656173706054688e+00
-2.565354585647583008e+00
-2.954370975494384766e+00
-1.590392112731933594e+00
-1.515779972076416016e+00
-1.233323097229003906e+00
-1.446308851242065430e+00
-1.235669016838073730e+00
-1.881378889083862305e+00
-1.169160485267639160e+00
-1.806638956069946289e+00
-1.392661929130554199e+00
-3.258161544799804688e-01
9.278762340545654297e-02
-3.063750863075256348e-01
-4.880821704864501953e-01
4.907608032226562500e-02
-7.623900175094604492e-01
-2.731597423553466797e-01
-2.617866396903991699e-01
-6.292293071746826172e-01
-9.993972778320312500e-01
-1.267045736312866211e+00
-2.391053915023803711e+00
-2.371095657348632812e+00
-2.368473768234252930e+00
-2.444108247756958008e+00
-1.897050619125366211e+00
-1.112762331962585449e+00
-8.292438983917236328e-01
-5.043950080871582031e-01
-1.052795529365539551e+00
-7.401398420333862305e-01
-1.419587731361389160e-01
-1.989029645919799805e-01
-1.546956062316894531e+00
-1.955401897430419922e+00
-1.970985651016235352e+00
-2.453315734863281250e+00
-1.428177237510681152e+00
-1.969810962677001953e+00
-2.452799797058105469e+00
-2.018613576889038086e+00
-2.420871734619140625e+00
-2.150707960128784180e+00
-2.369135618209838867e+00
-1.914360761642456055e+00
-1.716440677642822266e+00
-2.076421022415161133e+00
-2.039855241775512695e+00
-1.874714851379394531e+00
-1.675731420516967773e+00
-1.268409013748168945e+00
-5.951920747756958008e-01
-1.056526660919189453e+00
-1.661564826965332031e+00
-4.398746490478515625e-01
-2.856811881065368652e-01
-2.966905236244201660e-01
-2.380043268203735352e-01
-2.538033723831176758e-01
5.450469255447387695e-02
1.502543985843658447e-01
-3.457468748092651367e-01
1.090274453163146973e-01
4.979291260242462158e-01
3.209735155105590820e-01
9.041090607643127441e-01
1.100086569786071777e+00
1.116484880447387695e+00
4.715588688850402832e-01
5.326523780822753906e-01
-3.336278200149536133e-01
-7.673519849777221680e-02
-6.327571868896484375e-01
2.843356132507324219e-01
-2.444273233413696289e-01
5.753034353256225586e-02
4.100790619850158691e-02
5.416861772537231445e-01
2.071866095066070557e-01
-9.790402650833129883e-02
-1.065209507942199707e-01
-9.183136224746704102e-01
-3.572442531585693359e-01
3.338763117790222168e-01
-3.134925961494445801e-01
-2.528083324432373047e-02
-3.461439609527587891e-01
7.332521677017211914e-02
3.775022625923156738e-01
3.469003140926361084e-01
3.775022625923156738e-01
3.982664942741394043e-01
4.622975289821624756e-01
3.982664942741394043e-01
1.433630883693695068e-01
3.775022625923156738e-01
5.103724598884582520e-01
3.775022625923156738e-01
-9.007108211517333984e-01
-1.307617068290710449e+00
-1.753114223480224609e+00
-5.329437255859375000e-01
-1.021358966827392578e+00
-6.828082799911499023e-01
4.719361662864685059e-02
1.663824617862701416e-01
-8.644503355026245117e-02
3.665133118629455566e-01
-2.223372459411621094e-03
7.659210562705993652e-01
5.348930358886718750e-01
2.907151579856872559e-01
7.509987354278564453e-01
4.857399463653564453e-01
4.936582148075103760e-01
5.805398821830749512e-01
7.689559459686279297e-01
5.856906771659851074e-01
2.995920181274414062e-01
4.924035370349884033e-01
-8.875825405120849609e-01
6.875473260879516602e-02
4.777566492557525635e-01
4.866474866867065430e-01
2.635841965675354004e-01
2.945757508277893066e-01
4.490110278129577637e-02
1.811698377132415771e-01
3.642956018447875977e-01
2.279509007930755615e-01
2.323132157325744629e-01
6.283380985260009766e-01
6.283380985260009766e-01
-4.496193528175354004e-01
4.415069222450256348e-01
-1.111710071563720703e+00
-4.259822964668273926e-01
1.806434690952301025e-01
5.391983985900878906e-01
5.287835001945495605e-02
7.716025114059448242e-01
6.597043275833129883e-01
-4.865026473999023438e-02
4.367436170578002930e-01
9.584234356880187988e-01
8.918879032135009766e-01
5.128298997879028320e-01
-3.619692921638488770e-01
-9.703671932220458984e-01
-1.546940565109252930e+00
-1.777821540832519531e+00
-5.854276418685913086e-01
-6.927073001861572266e-03
3.372548818588256836e-01
-1.001535058021545410e+00
-1.704207658767700195e+00
-1.606317281723022461e+00
-3.248662948608398438e-01
-4.571998715400695801e-01
-5.888071060180664062e-01
-3.268164396286010742e-01
-8.538926839828491211e-01
-4.327636957168579102e-01
3.675200343132019043e-01
2.815335988998413086e-03
3.161811828613281250e-01
2.917207479476928711e-01
2.655938863754272461e-01
3.463690280914306641e-01
1.460931897163391113e-01
4.058711230754852295e-01
6.049653291702270508e-01
5.705533027648925781e-01
5.025635361671447754e-01
8.378379344940185547e-01
8.601277470588684082e-01
7.444258928298950195e-01
-3.031744956970214844e-01
-1.047984957695007324e-01
-1.152151823043823242e-01
-8.446470499038696289e-01
-1.553440809249877930e+00
-2.447155714035034180e+00
-2.673104763031005859e+00
-1.018487930297851562e+00
1.867755949497222900e-01
5.091536641120910645e-01
4.374798834323883057e-01
6.213105320930480957e-01
7.886356115341186523e-01
6.438395380973815918e-01
6.076116561889648438e-01
5.901412963867187500e-01
8.774909377098083496e-01
7.174702882766723633e-01
3.265682458877563477e-01
-2.209309935569763184e-01
-8.331143856048583984e-01
-1.335203766822814941e+00
-1.525701999664306641e+00
-1.699656009674072266e+00
-8.242744207382202148e-01
-7.927403450012207031e-01
-6.709175109863281250e-01
-1.595128297805786133e+00
-9.284346103668212891e-01
6.733164191246032715e-02
2.722504138946533203e-01
7.327170372009277344e-01
3.574455380439758301e-01
1.391604840755462646e-01
2.981071472167968750e-01
9.865352511405944824e-02
-2.028184533119201660e-01
4.940360784530639648e-02
3.672819137573242188e-01
3.390721380710601807e-01
5.419671535491943359e-01
1.211737096309661865e-01
-4.172704219818115234e-01
6.431494355201721191e-01
7.032662630081176758e-01
1.012925863265991211e+00
1.089897632598876953e+00
1.083318948745727539e+00
1.183865308761596680e+00
1.202343463897705078e+00
1.244735002517700195e+00
1.423147201538085938e+00
1.283519864082336426e+00
1.301685571670532227e+00
1.311360836029052734e+00
1.558645486831665039e+00
1.282756924629211426e+00
1.398964047431945801e+00
1.596371293067932129e+00
1.688079357147216797e+00
1.253440856933593750e+00
1.699585556983947754e+00
1.661964297294616699e+00
1.693681836128234863e+00
1.412203192710876465e+00
1.727182507514953613e+00
1.427223443984985352e+00
1.344750642776489258e+00
1.338250398635864258e+00
1.375971555709838867e+00
1.514256954193115234e+00
1.472117662429809570e+00
1.783383369445800781e+00
1.296173572540283203e+00
1.597184896469116211e+00
1.141083240509033203e+00
7.406661510467529297e-01
-1.321436166763305664e-01
-1.156520366668701172e+00
-2.502257585525512695e+00
-1.806434154510498047e+00
-2.462822675704956055e+00
5.336231589317321777e-01
7.208163142204284668e-01
6.280271410942077637e-01
4.979581832885742188e-01
7.158032655715942383e-01
7.286445498466491699e-01
5.258846879005432129e-01
6.740042567253112793e-01
4.771819710731506348e-02
1.733253002166748047e-01
7.202479243278503418e-02
9.839481115341186523e-02
3.087026476860046387e-01
-4.234471321105957031e-01
-4.770749807357788086e-01
-1.402059793472290039e-01
7.496538162231445312e-01
9.162717461585998535e-01
3.005689382553100586e-01
4.389199912548065186e-01
5.234829187393188477e-01
9.311672449111938477e-01
8.181605935096740723e-01
9.259740114212036133e-01
1.188328504562377930e+00
4.289608299732208252e-01
1.055405139923095703e+00
1.403656482696533203e+00
1.196547269821166992e+00
8.758158683776855469e-01
6.900846958160400391e-01
7.836633920669555664e-01
9.925775527954101562e-01
8.263834714889526367e-01
8.042385578155517578e-01
1.055733919143676758e+00
9.015737771987915039e-01
9.857781529426574707e-01
1.162466406822204590e+00
1.079649090766906738e+00
5.180186033248901367e-01
1.035309076309204102e+00
1.227082490921020508e+00
-9.324381351470947266e-01
-1.098558068275451660e+00
-7.422076463699340820e-01
-2.748627662658691406e-01
-4.145759940147399902e-01
1.272604465484619141e-01
4.345694780349731445e-01
2.364002466201782227e-01
8.833892345428466797e-01
8.387755155563354492e-01
1.145298957824707031e+00
1.326019287109375000e+00
1.331877946853637695e+00
8.952922821044921875e-01
7.019870877265930176e-01
5.204755067825317383e-01
-5.076858997344970703e-01
-1.083037614822387695e+00
-2.276859998703002930e+00
-1.877389192581176758e+00
4.146160483360290527e-01
-1.752478837966918945e+00
-1.952915191650390625e+00
-8.347849845886230469e-01
-6.056375503540039062e-01
-1.402265906333923340e+00
-2.900178194046020508e+00
-2.050760984420776367e+00
-7.945928573608398438e-01
-5.401626825332641602e-01
-9.824216365814208984e-03
-6.416046619415283203e-02
-2.790402770042419434e-01
-5.512677431106567383e-01
-5.251719951629638672e-01
-8.875423669815063477e-02
5.025115013122558594e-01
5.948225259780883789e-01
7.405657768249511719e-01
7.479998469352722168e-01
7.439939975738525391e-01
7.364159226417541504e-01
7.504028081893920898e-01
5.194509029388427734e-02
2.278729379177093506e-01
-4.148550033569335938e-01
1.391946673393249512e-01
2.042568624019622803e-01
9.174689650535583496e-02
3.458935320377349854e-01
7.975955009460449219e-01
6.890151500701904297e-01
1.349315643310546875e-01
8.453178405761718750e-01
6.825924515724182129e-01
5.936079621315002441e-01
5.467438697814941406e-02
1.513806581497192383e-01
1.268594861030578613e-01
3.717637062072753906e-02
1.056636571884155273e-01
-1.092147946357727051e+00
-7.864171266555786133e-01
-1.464947342872619629e+00
-2.207246541976928711e+00
-1.020883679389953613e+00
-6.541124582290649414e-01
-7.045741081237792969e-01
-1.821420192718505859e+00
-4.120077490806579590e-01
-6.647721529006958008e-01
-2.094989538192749023e+00
5.357235670089721680e-03
-3.191477060317993164e-02
-2.688346505165100098e-01
-2.285804748535156250e-01
-6.706604957580566406e-01
-6.322696208953857422e-01
1.944756209850311279e-01
-4.971368908882141113e-01
-1.032608985900878906e+00
-1.854925155639648438e+00
-1.162188768386840820e+00
-1.402183055877685547e+00
-2.223354578018188477e-01
-2.162093639373779297e+00
-4.551321268081665039e-01
-1.394142031669616699e+00
-1.379539132118225098e+00
1.662947833538055420e-01
9.624367952346801758e-01
1.002120614051818848e+00
9.008997678756713867e-01
7.413936853408813477e-01
6.378813982009887695e-01
-4.173347949981689453e-01
-8.770254850387573242e-01
-4.752293825149536133e-01
3.222267031669616699e-01
5.792592763900756836e-01
3.538365364074707031e-01
-7.928889989852905273e-01
-3.234189748764038086e-01
6.079434156417846680e-01
6.637795567512512207e-01
8.167445659637451172e-01
6.346709728240966797e-01
8.195976614952087402e-01
8.822929859161376953e-01
8.621374368667602539e-01
8.027879595756530762e-01
6.901248693466186523e-01
6.135049462318420410e-01
8.249598741531372070e-01
7.047173380851745605e-01
-5.881476402282714844e-01
-2.019546627998352051e-01
3.121994733810424805e-01
6.406441926956176758e-01
1.510739028453826904e-01
-4.775826334953308105e-01
-2.541506290435791016e+00
-9.634371995925903320e-01
5.480945110321044922e-02
-5.713945627212524414e-01
4.880327284336090088e-01
7.410667538642883301e-01
4.457974731922149658e-01
3.352615237236022949e-02
-1.316002011299133301e-01
-1.812325119972229004e-01
-5.979455709457397461e-01
9.487184882164001465e-02
6.758142709732055664e-01
5.671400427818298340e-01
5.631835460662841797e-01
7.643876075744628906e-01
6.431106328964233398e-01
8.796542882919311523e-01
2.983471751213073730e-01
-8.981468677520751953e-01
-3.353054523468017578e-01
-1.055782437324523926e+00
-2.021811246871948242e+00
-2.097468614578247070e+00
-9.421029090881347656e-01
-2.106037139892578125e+00
-4.536824226379394531e-01
6.314110159873962402e-01
6.571657657623291016e-01
6.017034053802490234e-01
2.699607610702514648e-01
7.487488985061645508e-01
-3.539360165596008301e-01
5.499399304389953613e-01
5.707345604896545410e-01
2.611541152000427246e-01
-1.226908683776855469e+00
-3.894719481468200684e-01
2.761800289154052734e-01
6.350427865982055664e-02
-2.228551864624023438e+00
-5.647946596145629883e-01
-1.194586992263793945e+00
-3.380536437034606934e-01
5.683386325836181641e-01
9.337809681892395020e-01
7.364816069602966309e-01
7.596514225006103516e-01
-1.017954230308532715e+00
-3.712931871414184570e-01
6.390841007232666016e-01
4.825806617736816406e-02
-2.117329835891723633e+00
-7.114785909652709961e-02
-2.661262154579162598e-01
-7.669917345046997070e-01
1.955815255641937256e-01
7.930353283882141113e-02
-1.210879564285278320e+00
-1.135031223297119141e+00
-2.572047948837280273e+00
-2.312711000442504883e+00
-4.777423739433288574e-01
-6.106853485107421875e-01
-5.640339851379394531e-01
-2.343539595603942871e-01
-5.566215515136718750e-01
-5.679744482040405273e-01
-4.158827066421508789e-01
-5.381995439529418945e-02
-6.513255834579467773e-01
2.868558764457702637e-01
-3.170400857925415039e-02
6.549882292747497559e-01
6.450308561325073242e-01
1.885223090648651123e-01
-4.751984477043151855e-01
1.267262101173400879e-01
-4.818757772445678711e-01
-1.369927406311035156e+00
-1.270799636840820312e-01
-5.133354663848876953e-01
-6.775957345962524414e-01
-8.678388595581054688e-02
-7.944866418838500977e-01
-4.509943723678588867e-01
1.524751186370849609e-01
7.541849613189697266e-01
7.970669269561767578e-01
7.811102271080017090e-01
8.001605868339538574e-01
7.966810464859008789e-01
1.615788638591766357e-01
-1.997113227844238281e-03
-4.699826240539550781e-04
-4.969662427902221680e-01
-2.988939285278320312e-01
6.404900550842285156e-02
9.469452500343322754e-02
-6.724685430526733398e-02
-3.434241414070129395e-01
-1.932298541069030762e-01
-1.886011123657226562e+00
-2.806675195693969727e+00
-2.774730920791625977e+00
-2.802877187728881836e+00
-2.667695760726928711e+00
