0.15869114495709802
0.17233994723204837
-0.1573259666785285
-0.009697646899772039
0.19227963766101208
0.10401320660472013
-0.20894457468899397
0.15052168015781575
-0.12693550862804504
0.20108086161894256
-0.6682094575664745
-0.6367445964448359
-0.4048855406945675
0.008742515173934429
-0.21598699103436303
-0.05418279928727543
0.15755979010540777
0.2672688837816679
0.25634197399179826
0.596461874488714
0.5383668348641972
0.584991018483902
0.7368442155717494
0.808768275992044
0.7711867459058634
0.670823847406381
0.8664605531058927
0.42832350080389414
0.32128847177917397
0.19096668450156873
0.22820388613410447
0.5544519479280421
0.42454319010497255
0.4466885305575907
0.45668253322665286
0.2135361722666751
0.5400812557994268
0.3933735179143607
0.4052731396746463
0.4370548092525741
0.6004059146190537
0.8130918561236236
0.5679982999888207
0.3038437007338173
0.2849692002899582
0.030096893078416898
0.3798490585374754
0.6360367664228272
0.6135248141785974
0.4517565998587605
0.2933824417709463
0.24820370004753922
-0.09936410003640628
0.27435420385047316
0.13614567264212063
0.28053296535556793
0.36427918722880914
0.07308103655744436
0.7448907278723658
0.5163306038525146
0.6133891267556111
0.05373417296201488
0.023993406747636392
0.027934640276701117
0.28183008059493897
-0.12387368257466846
0.08107169338258746
-0.3949137245246712
-0.6936206243644278
-0.37929073902590726
0.0062611253227204955
-0.47985559167917646
-0.11680429621149457
-0.08924932643053385
0.4542740773201368
-0.2026510479789847
0.11809773295701209
0.5239867008836976
0.748911289895621
0.6482641822033486
0.5940711778162875
0.7905684762912308
0.8713625883528211
0.5573301345616946
0.7890868241186402
0.9298927034442377
1.0537873005768201
0.959738207468444
0.9625005347257121
0.9848836053913042
1.1074683987352785
0.941154718060953
0.7664158416059061
0.7398999131433301
0.16235849610936448
0.3158112541724263
0.5335809280067325
0.71023481131206
0.739515755627087
0.6163825014235389
0.6514455823066001
0.6198826345783148
0.7659959554686138
0.5630553599882999
0.7207408086164726
0.9853139419732235
1.132679229155399
1.024755144321304
1.0124053319464084
0.8368566092400238
0.8406211878355796
0.7777415991681886
0.9127284541785947
-0.07112641986310653
-0.40985379459715077
-0.38095625418608137
-0.41723417554886844
-0.2537970420500555
-0.055519688914710486
0.08487923049204138
0.25145495644343363
-0.12656033974484604
-0.2816642555538449
0.18914352339018237
0.023796341160300827
0.15892174324827835
0.39775476867155213
0.6341604125265627
0.8414853605106849
0.42446977594828716
0.9382272944465306
1.232695941603331
1.203487693467376
1.1144932024956242
1.1696930241587546
1.243708737089996
0.8272420365751492
0.794982017913461
1.1121300073729596
0.6823190044311307
0.9101821116851996
-0.864287574645874
-1.2927295366209473
0.2268596431738743
0.7537194126114395
-1.218944877279256
0.5487481747855361
0.25296119915556226
0.753424646281732
-2.0161136416783174
-2.611499573452963
-1.4614772410487706
-0.9461915407702666
-1.8952718051863506
-1.8099695099341373
-2.5192108255628667
-2.2180812776944587
-2.1427324540024864
-1.9029865493589821
-2.159698767502357
-3.9298624356281318
-2.013308718119032
-0.467410169924678
-0.003483798476555222
-0.16771964537365314
0.15143807354691852
0.6103758617112414
0.5243281286062293
0.7600144632976589
0.8291208349319756
0.9750118777204699
0.892006180051057
0.40858496660465526
1.0719076682576318
1.0736342095960039
1.0252384503084473
1.0901583191460062
1.218850710026949
0.7148382056590394
1.0704367728175885
0.6667451562038398
1.1626214001556345
1.0632649561205376
0.13243743551228349
0.6493234426420837
0.7179976278341238
0.9287733547123249
0.2025784252276699
0.5667748654786013
0.4795917004597081
0.63333129677609
0.917492616849497
0.7695883083902189
0.4332128862256033
0.604234184493035
0.16979526025864633
0.11660858555103992
0.19400763462439663
-1.0384257276617044
-0.09757569806809219
-0.3072618825430826
-0.06708778957462513
0.21751968613879225
-0.26564574088780635
-0.5947317024547392
0.10445251894823748
-0.17865448585952848
-0.24248458682054252
-0.533497126496834
-1.1300345869756319
-2.6104284194378966
-1.2736569076423656
-0.2625853074635369
0.23368130222083217
-0.07235060686261185
0.3570633713227016
0.4573861657013456
0.3370767912329269
0.406495774765693
0.36381790411324566
0.6369180543855926
0.8257873188721483
-0.28646631914084253
-2.0739262048309937
-0.7758864474493476
0.2608290704842391
0.1380680541999011
0.7688645849880897
0.539780397524459
-0.004299391287296395
-0.17216957658426058
-0.9193378322125367
-1.946332161201528
-1.8433718431927382
-1.180560974645874
-0.6330577962697888
-0.49704647936187474
-0.21927321278585055
-0.14821671393587899
0.09326628069451282
0.3510809647138151
0.5353976741168758
-0.5234380236990708
-1.7035356437737916
-1.9780745188896667
-1.4028037197595475
-0.8471222248657773
-0.34578662129707194
-0.6784142616124837
-0.20217360068586032
0.27449909904776426
0.5378009833680446
0.09260070300038148
0.3380119700647999
-0.8897707577650538
-0.15580880613936632
0.3439743054516944
0.4476820211701229
-0.426272382972547
0.11737852257731518
0.2525031154618116
0.3419294620439439
0.8885625629451805
0.4089050449760476
0.19361598643151545
0.9760137897043863
1.160885596296609
0.650019963130064
0.493554539894304
-0.16630542297145556
0.5087000723360742
-0.2840825310023991
0.13293186155097292
-0.01638984415080902
-0.2352251125377558
-0.5373081309686629
0.08800021515123824
-0.5528241248762926
-0.6655477309440894
-0.9416767166853868
-0.3539996162344865
-0.812372956155488
-0.6536853792501809
-0.8330182249989884
-0.4595784735492989
-0.9577429555606232
-0.25592246803244656
0.04108783564263607
0.09813430046853355
-1.3183241327977444
-0.22974144766531968
-0.565849307555288
0.340734816531878
0.5250844650244026
0.028869558815189045
0.30625570443463523
0.18624329739099554
0.6408103913940622
0.6974426191079619
0.768640059002986
0.46344973171763115
0.7126913467037603
0.13419812709917522
-0.560153383772974
-1.403440803988723
-2.2469278054978687
-1.276420384455868
-2.3982733732769885
-0.045490104246615815
-2.3116690580863013
-1.519579880504208
-0.3205117442180585
-0.4477297683266288
-0.124973546869942
0.308302816845913
0.17594335291577057
0.5472462195219707
0.5939084205760876
0.5257608158583951
0.3260657727473548
0.2787853828583593
0.4645465967413118
0.6912631178433299
0.9681208881820957
1.321550112871325
0.2733826654568441
-1.9074930015086524
-0.24328748158380975
0.12622856776559033
-2.4230197442582293
-0.2141179993505551
0.3612049819053098
0.5098400594110037
0.40825323456747853
-0.06895917729909051
-0.17187171349192631
0.2516703582954225
0.45877876280991536
0.5336563509451295
0.47077750741831714
0.26661644059193623
0.08263457392703621
0.7316476313435336
0.8767713343514361
0.5522718910184148
0.8753862014076716
0.9235838336462878
0.7584846150810289
0.5726810012417873
0.4367766949542631
0.5010439541585923
0.28074310215462894
0.4195842833916945
0.747682685503559
-0.38785283128440273
-0.34177630210038945
0.06362246771563118
-0.4934346963209979
-0.16693817930056554
0.8901103002396908
1.021526037605799
-0.26180212953962023
0.2594836472147586
0.6727073263715724
0.4502226742855955
0.8925276652872007
0.7526100893592576
0.5645314518998514
0.1428252628139388
0.9662414857153179
1.9170850888051723
0.4642587401766747
0.7234345102048465
0.9565116944414296
0.9822436142343127
1.1219491542001174
0.8349149548729633
1.0986844130204618
0.9479638554422216
0.3014899704825371
-0.11668568704856863
0.31904815104993567
0.6417497731502371
0.730259183268311
0.7898866802688405
0.24807806779284114
0.6244695068517974
1.0943205326382257
0.6645307096119222
0.8265873117120099
0.8030446643191542
0.5345462041665545
0.7016939246470049
0.5529973264860581
0.7743511913132002
-0.20584201293983195
0.315974748861362
0.7074503181653791
0.7394062244796737
0.6310432943773439
0.08510970978970267
-0.6517530159398852
-0.20330610663765825
0.26240866794555107
0.767318468983806
-0.18577081018130936
0.08129346096764323
-0.013145066918899495
-0.30018024159920476
-1.7178472235833935
-1.6473106200877412
-0.5034176926509399
-0.1611700325706691
0.3594663094431949
0.10310553832003677
-0.5678609326880073
-0.5427466125903022
-0.05425565019832046
-0.06369991824726018
-1.6187615951971086
-0.3786031753877719
0.22017238658675176
0.08718035418005066
-1.0548938795866523
-1.229335585524539
-1.1416119768922934
-0.9898719190917076
-0.544064149420687
-0.995784809310492
-1.9041800489864569
-2.0919094890606384
-2.107846437243516
-1.8577633350920832
-0.6591997899829618
-0.33929352687472925
-0.03622317223439264
-0.3607041025422406
-0.35674167768180354
-1.0000159332385055
-0.5516170940463985
0.15331043916888643
-0.5912113382848379
-0.5411651683280887
-0.2826595241220682
0.04083454681542609
0.48007706889185187
0.2215209396183333
-0.4927359225629795
-0.2434786477735713
0.18935704735924297
0.5419140314291733
0.44751069037372293
0.5331776838617985
0.5055103135674033
0.5902748379481508
0.5391221411023217
0.4270209580199982
0.6867875438941553
0.645127648611739
0.33743236809592947
-0.9283583772144928
-1.7148872217902031
-1.2033523365670344
-1.1983238497262496
-1.5671473878272333
-1.152341177042607
-0.20085050759726109
-0.8438342524849496
-0.5920106356270622
-0.5504351538337326
-0.46393366823476967
-2.1986270621901878
-1.2194036849829315
-0.5703138695044077
-0.20794245962508295
-0.1911154779305777
-1.3340285005654162
-1.5645979755840576
-1.1741819113788239
-1.8829319705360614
-2.2104799338454795
-1.369639037189096
-2.410208623136005
-3.1654571733772254
-1.2624049493991718
0.1534238741066769
0.24167397374469157
-0.002686441675467499
-0.17455646473815722
0.28914166582596756
-0.044355247253355934
0.0067113949285406704
0.4874030663970945
0.6196057028143356
0.6188981235119373
0.7382077081143876
0.5432857512885478
0.7800208473733665
0.5968609444427537
0.5001485100623784
0.4924136895782887
0.038044303175139405
-1.3496186155395882
-0.9758952760362654
-0.5189339270607434
-0.11053694711749262
-0.05195999865491885
-1.204544511284043
-0.8940454890919804
0.3387704188791467
-0.25465022546372307
0.5113568333265093
0.7605633775922964
-0.280305662230524
0.645344754117466
0.6643531769577962
0.9585942569894588
1.1472310621958606
0.9124660090593899
0.9157745973048099
0.7147975235167943
0.7941148257248898
0.5094451513242335
-0.07069040872009769
-1.5785097998072124
-0.9881353261996333
0.13516403146578782
0.6866020506182879
-1.21605421909877
-0.8596114752563677
-0.41770022573468335
0.18124418642392737
0.45014654198085857
0.4790091584858933
-1.4122982391021734
-2.3633935208011394
-0.38752810316650876
-1.5739878386245434
-0.9972788525052421
-1.782500916319616
-3.1760310286379276
-1.096560797685111
-0.5717135372226112
-1.0813795349331174
-0.1505389253677265
0.4480223682339721
0.39009162419854704
-0.04642327009469405
0.4008715162237859
0.4147109673577125
-1.1256570351740214
-0.2799672300530762
-0.09726582847977205
-0.1484790144854733
-0.5336188700431066
-1.9790638835673815
-3.289006929656724
-2.204612760586484
-1.71265895726511
-0.9339878764569782
-0.3469404754052068
-0.4744597772393204
-2.056991497753188
-1.386768698236449
-0.26825904213286567
-0.06440763347445522
0.20563783271197433
0.532158156981124
-0.03897231129039547
-0.8273493975774997
-1.063778140804418
0.23800532088653092
0.6488590802089096
0.3704480651287838
0.49404235848430655
0.23048969640752937
0.48640926693825026
0.10612222416535211
0.12819674583855445
-0.08382965972741996
-0.189982175748991
-1.45161433205869
-2.257724839886948
-4.03534008880856
-2.68257396979314
-1.2345476340242962
-1.089155600987925
-1.977508346545524
-2.490254339656865
-1.1925733719846656
-1.8196910604122793
-2.9948065333501304
-1.9657436154104126
-2.1322908910581173
-1.7861513429638363
-0.05305005109841776
-0.6068878802194861
-0.3804010975658967
-0.13973898181056832
-0.774353603035383
0.31338291294310316
0.14971375461762815
0.5212158509133333
0.9703029717126244
0.9322559737673375
0.3353126330641487
-0.17617547462223193
-0.9986779852206444
-0.3871421187018438
0.06910679679419829
0.30107749647273696
0.10568146449664084
-0.27758584817686316
-1.0855244307990466
-2.533242872586919
-1.2409655493674565
-1.26171501315996
-1.20623718765796
-0.8673624830668505
-1.2229638651564532
-2.3047943875811034
-3.4139958176718688
-1.4264600755354997
-0.919179107019712
-0.6386253852105197
-1.6901561471823348
-1.1742188861505918
-1.9318587107762633
-1.919912807347166
-2.11004848375392
-1.0731954344223311
-1.1544878280827398
-1.6573150382608794
-1.5271554687674458
-2.023944815303302
-0.6417815994302414
-0.050922239062411556
0.39211880287576406
0.2861313572140789
0.29659062939868175
0.2598398911403974
0.38758075121576496
0.08642470655813383
0.27318743190858275
-0.46862325771176483
-2.3168538803454855
-1.8432159359932703
-0.7608006715719968
-1.1735858321847639
-0.7366019993980828
-0.7816581512008227
-0.14568438015793728
-0.9873484711287688
-0.7397384188184839
-1.1214066295753433
-1.8311898221480782
-2.7278688483874323
-2.671405837408551
-2.125584182052982
-0.8980661215070853
-0.536880532322086
-0.03361840989939502
-0.09933781215635484
0.009851384071850156
0.19413172032724724
-0.3977770513539918
0.0006483058252113594
-0.027981758390074774
0.47799999031018636
0.15621561441995357
0.574611594423156
-0.06918218275946497
0.4543472127528583
0.4910943116558988
-0.010589165938438505
0.2747799720450148
0.37679970076029345
0.47260059409153854
-0.3796235844413456
-0.10697063898253756
0.28291222092682666
0.4360059793190425
0.6068480870688653
0.6057466968846574
0.2277429871836283
-0.15963590069941969
-0.44197954022576
-0.3810393810046131
-0.14520416440166617
-0.07798990905618997
0.44418063220008186
0.5882237665296586
-0.05441931376610665
-0.08705088516027715
-1.7705584768398204
-0.037236685121441404
-0.23641047788204528
0.36803082799484166
0.3375044881135034
0.19640337272555897
-0.42685435312480546
-0.5023546228335585
-0.7180326383007065
-0.13571418749459863
-0.2976894004548818
-0.11591489111837028
0.20119414446572215
0.44909878354020094
0.554919477721886
0.3159190624208179
0.450537640723609
0.26017663412234704
0.2827694311209168
0.09422854664974079
0.30571095501316226
0.28190225815240666
0.4549089378295035
0.19324062203345793
-0.2227722474152376
0.23412451527396438
0.42179306252836923
0.15168496900350537
0.14017644732890133
-0.034701700836730964
0.36519072680972897
-0.17717985008658577
0.1150476945933443
0.31974731436775183
0.1825809503901521
-0.697925745284989
-0.39957570731839365
-0.2166620812827036
0.061247007528025144
0.04112500063965996
0.2208847379265899
-0.010525598279903292
-0.008138339357822488
-0.052917164844857645
-0.4157515986783915
-0.5718590124132801
-0.28100409535012005
-1.0506653270272661
-0.06314986825181368
0.5764953960195127
0.6130985494473036
-0.07143424363938955
-0.5255011407755239
-1.3401820082343558
-0.36524415925621945
-0.07678480929968678
0.03459349153762137
-0.08036677370010015
0.24357249267514636
-0.24278201927182952
-1.6130410741353902
-1.6627091646654466
-0.42676827108870263
0.1927559150153595
0.07572730304574815
0.4911156300951749
0.2519986810818864
-0.09413730622612881
-0.13746151878763246
0.054462074857924314
0.2010332035549265
0.16331615861905213
-0.3949392902015134
-0.9953856083315165
-0.16498357880854986
-0.2699400141285704
0.06980720592154022
0.07836245022169397
-0.27324894940524036
-0.030648458765832665
-0.011012620435195686
-1.9394298091220676
-2.286289413285132
-1.570850618793497
-0.06335559873307695
0.09068747361184659
-0.29840744823347976
0.3268129356658953
0.4474149427701448
0.5045774707535813
0.22884828238327248
-0.23259120150209078
-0.4904655932568316
-0.20492642577091846
-0.646112053851799
-2.138337981373164
-1.626834475532407
-1.1984681974186122
-1.2539876587483887
-1.4621865829803156
-2.7112978087481796
-1.8551391969846418
-2.0588615637847294
-2.6438331058290045
-1.147720411033787
-0.48509618569964097
0.30346057202543797
0.21473874823979955
0.39523444295600196
0.3405809779700082
0.2488060243876662
-0.6724754400391602
-0.5840303643805216
-0.04841486172007947
-0.06295632919265515
-0.5400426786857526
-1.7622035788879837
-1.22281667350551
-0.03003196066375846
0.15152400696657242
0.6158037991555139
0.5422229932009479
0.2964136068221368
0.5704533859258687
0.7555764708686814
0.8911862086296978
0.8361228569943817
0.5033041510323146
0.6868246773513267
0.7945438310962993
0.9018903996403305
0.21834750715718876
0.4716712591831742
0.47868923178578715
0.5317356205727357
0.5466815158280527
0.42162321640237455
0.2343560298796179
0.6045663071204999
0.5843769705718929
0.33654749187751776
0.7277098664811863
0.08911003363244596
0.3513183209349533
0.2568648832751208
0.031053066592986234
0.40428396220305274
0.702480905367663
0.7039344141627577
0.2099098243476707
-0.21696599908549974
-0.10549196786347625
-0.6679575782266953
-2.00860537270273
-3.1037839980050195
-1.2701006522838174
-1.1664370972220164
-2.620922178371984
-3.3830576475109995
-0.9574029955568824
0.06624409455877522
-0.21678724654412473
0.03717952895970722
0.30384124743724605
0.24222950404937293
0.30378932100095213
-0.7131527264678645
-0.6702469076216886
-0.21927219925062946
-0.08289074826614318
-0.17467908719101555
-0.05077544265091127
-0.6846594989477381
-0.0501391874287469
0.09496834069259386
-0.647378432136672
-1.8713222069078368
-0.89954176364789
0.3032558971566557
0.12487962259010033
0.1785430959680676
0.386737912435537
0.7001621033327812
-0.006113591446018418
-1.0708008389591912
-0.6746773453225305
-0.08309490711134249
-1.0895448138697983
-0.3099095115169517
0.09975353379679053
-0.13225910191122026
0.2478403726544025
0.10034087869187935
0.11454794158309234
0.29106472188462895
0.24043390152159638
0.19573618184210595
-0.06996593752902314
0.3105060674616995
-0.12191852556246818
0.0424306570009616
-0.05640126381115085
0.10468148343666783
0.13969985165992327
-1.212739330259084
-2.386733388890345
-2.763815271908791
-1.0663884501596357
-1.6170008275836665
-0.3567251462060659
-0.3837451711331923
0.10933266937099972
-0.023424409176344696
0.10655856760847726
-0.2187947305650786
0.008541819394950245
-0.0835275012094403
0.06275858290240333
-0.8694119098494664
-0.45842215142059484
-0.5125545048242914
-1.1291197690077306
-2.520025967698875
-1.1955422317542768
-0.3711589975872629
-0.8417618034746042
-0.6366062788810982
-1.9928560992245323
-2.398361136139611
-1.6763887378467488
-0.4903244021674249
-0.5473075167497443
-0.1989662300703383
-0.6613633183247618
-0.6650663094756109
-0.3714413042840876
-0.165647059488367
0.12045837433338225
0.11692313823361378
-1.1937266383446987
-0.4930117956370843
0.0770071097800642
0.10419648099907342
0.26425459849481303
-0.25592131330657164
-0.6621357868715885
-0.9323049439652804
-1.095048854831144
-0.9377798944312552
-0.6541975518219187
-0.3764480886822259
-0.6391140157010495
-0.1936821057435978
-0.17441306560724534
0.37703735507219616
0.71414631629077
0.5851418284904595
0.7177152442139816
0.600855951884042
0.7583276304153657
0.5722754807581456
0.022929994103378704
-0.061161471894418895
-0.06674350641588589
-0.6685965783423669
0.03307306439856994
-0.1087186883603719
0.02251937452979824
0.43246658706771157
0.4014046290970832
-0.9728137645396338
-1.8123202443743214
-0.09853937735460061
-1.054323694749054
-1.3008685031940237
-0.5314122512454427
-1.0637707509508516
-0.8735750023699325
-0.22401039199572548
-0.17265673141089977
-0.3518879287222507
-0.8594083449154066
-1.2587997886182025
-0.8408134829149825
-1.725038180513201
-2.7501568931047062
-1.7327115610954609
-0.2344403192338156
0.17434837988756868
-0.008450237340915656
0.14122675154406483
0.3244920613893072
0.5330703819141682
0.42735170192660377
0.022526453760010057
-1.2196113766335825
-0.13642505537307414
0.22310362608029077
0.16008507966672436
-0.02151439973408742
-0.7523275052268303
-0.27855806381567394
-0.2807432301338064
0.20168841082959954
0.39936248797854024
0.10356424100443995
0.48594943465975504
0.3057490895274375
0.30137362945699575
-0.14844983943447776
-0.8084883442348962
-0.6312300063751222
-0.8046494370900996
0.0031577837945953036
0.12012800112955002
0.5372449976237368
0.058267416218200196
0.5150689842982672
0.7567900342825267
0.9312766142052666
0.8249886586966726
0.8111309361118018
1.159999238019406
-0.2713468326568744
0.6709466123002725
0.5495646647636576
0.7374460969600447
0.47371244978953886
0.1977419027642151
0.5568040869389765
0.2690892358344783
0.04531719579522786
-0.18514700956879437
0.14327188221906972
-2.1355892023063427
-1.4500353502885335
-0.12674087291407599
-0.11202355125412744
0.25790487191628664
0.47544275088168586
0.7040413985814702
-0.29729619980223454
-2.400634940502625
-0.9011612796900499
-1.4532839167383846
-1.7124049112830906
-0.5385438734700996
0.29786036383162884
0.5972916011106264
0.5399302811896991
0.3845657578666257
-0.32681063573374924
-0.002565069492892924
0.3900781038535506
0.331771086940444
0.4367813191316454
0.5898416862392288
0.7641861579494478
0.5647764025016926
-0.02920598336637248
0.254476543043924
-0.5974199005481902
0.12584159370157266
0.4065724044771484
0.08161145853746365
-0.571130143976089
0.3590515093141704
0.48549346060275766
0.3551298866563881
-0.4648226272822953
-0.9348917812210695
0.4394205437791383
0.9564270068792684
0.058615916208789365
-0.3899990891613214
0.2959363113604958
0.6415250794993579
0.8086333843577487
0.6655932751447562
-0.3260461222638922
-0.027143638711064177
0.11362944390559271
0.1578560050034099
-1.404428663716089
-0.05494113744426876
-0.057444456745536776
0.41938934110064885
0.1958067578674143
-0.21643975160533202
-1.2411077676925197
-0.008405149509198573
0.6613131134722225
0.6745940187606188
0.635000586307024
0.829696196686533
1.2620572745777157
0.09474688487814209
0.4738457408380601
-0.20179461517848196
0.4884795015966734
-0.045236306981867536
1.0251173963909723
0.8079831429120699
-0.34283631223377053
0.18201784398172371
0.3313303424276608
0.2392615911189715
0.4445999139025876
-0.046359818268914665
0.8885333889767537
1.1430328994551422
0.2059099144904435
-0.40054868444907843
-0.6958978591727334
-0.9637677921479799
-0.5273966994470252
-0.4728508634554389
0.007461949350962449
0.21327055527641203
0.3679141662328922
0.2858072126766684
0.35016885216666793
-0.2984310315961691
0.4383688261542096
0.26422708584721644
-0.041090800062487
0.4488239234819069
0.09428470695573221
0.6598544280479883
0.22678553347416397
0.5883273285719213
-0.18803332197505185
-0.5005526145193642
0.11138091390676585
0.18811656576169167
0.21817899796869167
-0.13702626786539707
-0.5430917828567221
-0.14139664294439225
0.35763080801825353
0.5301289704339762
0.8604064316716258
0.6561813942240446
0.3790837133230047
0.6209811865135837
0.7439580079473851
1.0701876563044914
0.9873259027596824
0.793551108706402
-0.5141691354626046
0.13634440036435969
-0.3432781232902373
-0.034905148645394846
0.3797092662659338
0.5031515067299788
-0.07838050040356581
-0.8358078988357143
-1.5904529337180624
-0.7607060048693519
0.02333394354167151
-0.030871914880597373
0.15079153232111864
0.3080350239294587
-0.22005271987801223
-0.2569681900612668
-0.06576844866852127
0.17808476044268762
0.25532717070165045
0.5318015570970838
0.3237701986859767
0.9715951761219923
1.1402634179498756
1.0216331473688287
1.1077768434369277
0.07726330350839028
-0.18832411821324158
-0.1243456188742833
0.043140817463754644
-0.21732878412616863
0.2619271176231308
0.7296018372872943
1.0299808442028144
1.1245180568816453
1.1132749745513735
1.156464826206001
0.6745165694469382
1.06107698357037
0.9966719273292783
0.8998376089655675
0.7189516725234038
0.7354365950436357
0.5426017145325499
0.5411378141504546
0.6896576955947191
-0.006606413766445662
0.008302161106309214
0.2618591265949384
-0.1509988603976833
-0.3311177502962632
-0.34978687725933
-0.07189073502561705
-0.6534784298971124
-0.192308203320402
0.07728355908326279
0.3498317794076726
0.2931783274075004
-0.07663095142036536
0.035239601288603595
0.24326926637447688
-0.1482850356190495
-1.0025780364938468
-1.2643615170150007
-0.8821228677479969
-0.5829937447565845
-0.22733567731707005
-0.19173038493235506
-0.2340121548918841
-0.5254390839497232
-0.6978395390851562
-0.29929364716313156
-0.08190870045803944
0.04007351899155154
0.3973463813541249
0.011295945459257162
0.1063654413726729
0.09297441092161751
-0.33147852322000215
-0.14819031015669637
-0.24153607159510226
0.49436349558098325
0.6067854938659218
0.6517625260418383
0.6484159427785885
0.6813224761157581
0.29887336401664033
0.5698260016470664
0.5179605062371753
0.6397033707501407
0.7700989008091987
0.5895880291237559
0.5129315579190452
0.6112146194021095
0.5130967176678443
-0.1075680360904192
-0.052638088732537724
0.07574357182688995
-0.13025595831792902
-0.0017970059836516228
-0.0035781792822344727
-1.0998828067006343
-1.6694985576696508
-1.9183183430287372
-2.3687259661420907
-2.337177808510368
-2.9104637355807794
-1.768774242579747
-0.5327811956654891
0.18391161529511013
0.27324813275592863
0.5056325324885105
0.3497532322022563
0.5330059753512373
0.644422745968761
0.7545347862060314
0.6684201864471468
0.39011793780192505
0.42804294596902803
0.2117540091893284
0.5122711051157074
0.09010568285793141
0.04218578886499724
0.41327343015134943
0.4060193814284654
0.29638714131231225
-0.29775766509411206
-0.16452642922678162
0.034199829588311914
0.5036192967780799
0.520458928812614
0.6047398687801264
0.6707614579303129
0.6178354772432613
0.5378981842194008
0.7088035845442766
0.6253146542877319
0.3436294639717907
-5.345832314474215
-5.660377897658447
-4.359789596648417
-5.089556677406817
-4.728574716515645
-4.718175898040358
-4.067258960499036
-4.804693291774879
-4.375330270563828
-3.988744960771111
-4.063762379019887
-4.236736394345353
-3.8724678569285125
-4.215240488638757
-4.4992831146187715
-5.513466815828795
-6.009418563364095
-6.069135615367968
-6.3650201008160145
-6.305916899393425
-6.460686821233933
-4.875896448069223
-5.051776402838805
-4.288927672440896
-3.904286242164682
-4.505755934745823
-3.8875291627165076
-4.6298123901887624
-4.479794319022619
-3.8342585737338384
-4.4138866014695255
-4.908464984203465
-5.02052876034674
-4.748096225955773
-4.584962182929453
-4.698798316892573
-4.0664686316167575
-3.773823694680099
-4.273658452052597
-3.779314283280959
-3.2911589942805772
-3.8207903726783234
-4.230255010018583
-4.19492408286169
-4.464216979734449
-4.2454027175096005
-3.939531119703589
-3.746460300606342
-3.547628703601496
-3.3760729589978977
-3.4166469552581162
-3.881680591281687
-3.91856960411198
-3.6898042681234804
-3.1393648194758867
-3.489133533843485
-3.7634821809054158
-3.985296718948309
-3.289499337317856
-3.7074085915086
-3.8436986564866578
-3.937074770176115
-4.2166085062005525
-4.0280570640391336
-3.728109739162808
-3.4387014823759867
-3.590621064999334
-4.079398777180904
-3.6157267630144974
-3.2817853630942397
-3.2392086790163495
-3.1644136057180057
-3.5001963680902293
-3.6889039586223564
-3.7799941762880644
-3.564946947341987
-3.2643376574787033
-3.456747652194509
-3.4939784032153347
-3.9538457543782908
-4.068275530454529
-3.5722062109076322
-3.3888675175130327
-3.385522619406575
-3.7855552085903947
-3.74901438865617
-3.7117600308636733
-3.913846969603574
-3.3524778034240335
-3.9629534012822143
-3.6335692220443434
-4.080201837603808
-4.115245092112988
-3.2685584918627595
-3.617229219826165
-3.4060645870526924
-3.5011013335800465
-3.2507239065917584
-3.164675104475499
-3.4240878385881075
-3.2866597043709374
-4.109547425268782
-4.042636725615122
-4.528147071269414
-5.3567389449152065
-5.7179127945231
-5.136139640811945
-4.88501015796083
-4.47766197055868
-4.475094194201624
-4.1026586287543125
-3.6483865798815343
-3.4804426323587925
-4.0316335040742795
-6.284283672120602
-6.299080155158504
-7.720509199203671
-7.976309370624895
-8.307144514954288
-6.7770090152121405
-7.122699633095586
-6.721295807846413
-6.546219166134652
-5.628712323797806
-6.094327122749066
-6.853359969429102
-6.964716654251735
-6.027217118941003
-6.6616409975066375
-6.677173347964176
-5.910844871230363
-6.382921746734497
-5.889180323089095
-5.641970994854019
-5.43169064905109
-5.581482999199639
-5.204197266473697
-5.916104025411561
-5.022782193193045
-4.735967811159629
-4.903786121934213
-5.993377536439682
-5.801407929619225
-6.189113004334565
-5.612204653285479
-5.899592740670227
-6.596930037773116
-5.311149721911989
-5.420960771814488
-5.437605551643895
-5.184186620650598
-5.530971246588182
-5.585553542780869
-5.108235690331811
-5.0394174164692895
-5.056818984050418
-4.893620713220304
-4.558620487484637
-5.13428223587941
-5.033209804122174
-5.159682807395842
-4.729116792804549
-4.842296679207669
-4.608593932152663
-5.498917192957033
-5.4716343762873
-5.692393292067173
-4.9061742681362555
-5.12863736276564
-5.81017079255975
-5.083432755871627
-5.2351188945879406
-4.5798823610929675
-5.232640774506282
-5.2480921627713135
-5.366826436071881
-5.03979271974027
-5.6388684410308985
-5.463606832154588
-5.533414414873517
-5.588232240072259
-5.627018600455343
-5.335196414834744
-5.078221355122729
-4.829188180046609
-4.44263480881797
-4.439759845522834
-4.170486807402607
-3.683603547541778
-4.134019824364657
-4.254151015026956
-4.0320024700870345
-4.440189402092289
-4.047312983386706
-3.8823759565577873
-3.8484204021260804
-3.5957143457305945
-3.802659353233792
-3.9720488267382557
-3.5582605559700857
-3.489885385842636
-3.423628344024289
-3.562660629381159
-3.488471825821821
-3.58550118296459
-3.499146510899422
-3.4638195182766136
-3.335940011159275
-3.352939802594046
-3.3181857621096205
-3.232878904549625
-3.1008427583083247
-3.040083504202417
-3.4432781420746528
-3.0793163931665015
-3.495315170145221
-3.1162381970068265
-2.8843997585965533
-3.57369975751002
-3.0242424747171093
-3.325172470716664
-3.204976485117899
-3.466478874970866
-3.1522165191374585
-3.2950826821725445
-3.204963047925953
-3.3615187217531823
-2.9791531783565204
-3.0791627167815094
-2.9493442584932374
-3.0379295576758216
-2.8162262724493625
-2.73075877784307
-2.8879431942304064
-3.2610578976031457
-2.973067348903327
-3.124905265433225
-3.2279173887747814
-3.1070720973639427
-2.6596808383617714
-2.969307212750321
-3.0800167900763253
-3.1711582856097684
-3.26851771068318
-3.022853555752857
-3.2507455973663717
-2.8825631490970336
-2.6673597875851485
-3.036448289436661
-2.618499290133234
-2.7281872593144336
-2.9402820842490254
-2.815208371378508
-3.1689569785879206
-2.9395117465772658
-2.9579009781554753
-3.0606441027476423
-2.853078454072978
-2.9543556598435727
-2.9670028048510715
-2.735530838616449
-2.518955089445241
-3.1024087402698757
-2.794936775434724
-2.976141452376343
-3.056848554914713
-3.2651676272413916
-2.9017250351635897
-2.765604912068123
-3.1414047820497526
-3.234808144972683
-8.180956916432754
-8.268706760296226
-7.92302156377826
-7.508866530913416
-7.852641115569971
-7.507938686850936
-7.9548792571727365
-7.711813825837167
-7.492952508941778
-7.821734996270793
-7.678986135262347
-7.49018798527371
-7.284123815694368
-6.317016878579254
-3.9370630112711327
-2.365879164170519
-1.9081799353159368
-1.5353819261446002
-1.1643641469539778
-0.9110781173527949
-0.5114099955147982
-0.9479161472310569
-1.1551904432770126
-0.7239028997500405
-1.6309780872418234
-2.12794563124958
-2.85505977610687
-4.256811372048014
-3.3095188125785917
-1.9997715695663754
-0.9303615042006435
-0.7592411529004295
-0.4354731191788517
-0.2175720316789258
-0.21132723623303118
-0.16063352931262376
-0.03556334663531491
-0.0481768298037526
0.09833527652199248
-0.0015103871378219225
-0.3728076568655201
-1.0940835517378416
-1.293809166698325
-1.9373537849099893
-2.068389981285465
-1.598440911274941
-1.254296730486252
-1.1027303319604007
-1.6024986544242998
-1.3923837171295559
-0.8428534074712939
-0.2082424663925755
0.2951644289526101
0.2891368149274971
-0.1595940566985119
0.05072697486969435
-0.39314335881591855
-0.6132274231765091
-0.4549859908643157
0.10948379321138813
0.06526045536566372
0.04625010209193814
-0.11266254792318087
-0.7970291376265921
0.12176391103393769
0.3493406404739643
0.7034284116383356
0.8820576805336362
0.9410160721350325
0.7550083330787789
0.9090840591602509
0.8462370898241636
1.1228012476403055
1.111058264179273
1.1807693510277044
1.0090969196569546
1.1880176639729205
1.1583738940650719
1.169776656268942
1.2176221292910796
1.5552634598151265
1.7466592604324669
1.4934227849482653
1.7086317538874356
1.7054555477922584
1.3226455690347985
1.7919726367871975
1.5442863593948566
1.3228018129393009
1.305858737839209
1.2634786367620867
1.3114150092231727
1.2222737379222641
1.5835397056824991
1.5792929860780731
1.8320831946752412
1.7920796248721986
1.2605255623367553
0.4083850808927654
-1.3352302237594813
-4.126984054095388
-2.8036880566723705
-3.3324139440971923
-1.3843075729543899
-0.09347697012725842
0.16799711212992108
-0.06362405494387247
0.3981836615341958
0.49243417341719997
0.5486773898895958
0.5438910977791362
0.39870011583470966
0.09396760992063768
0.1919091318414079
0.07390802249889017
0.4248165149874019
-0.005806816902515166
-0.32033739897218005
0.23382889528707373
0.27330712213193387
0.5894230254708859
0.5408607558288789
0.5068321096627395
0.5207462145729549
0.8334512621058829
0.9162762848605217
1.161176531120593
1.1251880431759211
0.6341311084134986
0.8427138397178435
1.3229329709960282
1.2373800948826483
0.956443526070867
0.7868124898521183
0.7824423740168216
1.0078596597405696
0.8979086927412352
1.1076891010620509
1.175152510730034
1.1283788787856492
1.2069487044945735
1.2412293495202196
1.366299050180773
1.0478186859730014
0.665573769654868
1.1542405078197806
-0.7237274121604411
-1.1869136501864856
-0.7410053453070597
-0.35222203483170045
-0.31498503470085026
0.05682163213140612
0.5941546910437845
0.12998274497642637
1.007837713570959
0.9501158477548293
1.2568222781574807
1.3799082211788312
1.4537281838226734
1.2570983632619672
0.6015360183320242
0.6655833345458726
-0.18468409604377012
-1.0323912213536364
-2.868897936763725
-2.3345670465279476
-0.8837929334385999
-1.841862705477034
-3.3097132720690032
-1.6931415230166942
-1.1623114559561083
-1.7348527349607887
-3.299789646979293
-2.55902442222727
-1.7767357848100778
-0.853561217501901
-0.33896485646695584
-0.25992198716204573
-0.18989257408276305
-0.5569160458186699
-0.8389626404400277
-0.3903823582605934
0.12705235250964098
0.37046909656899185
0.6083255218401691
0.5821342073558906
0.735493595732799
0.6225206597037269
0.6753042890385688
0.20672884190484542
0.3938080303796543
-0.3417671514635181
0.043850628055988494
0.3020585264001161
0.040400535761417444
0.35378653736464294
0.5154069147524076
0.6983410386966069
0.32925776703950493
1.0879167685005395
0.6979826487005019
0.7316815762753146
0.14469538021393102
0.4366658657584024
0.1663315692462275
0.07061818399896858
0.017862321119583413
-1.6110155068218561
-1.0729131584939786
-1.340418855526694
-2.4625780903567223
-1.2844586295705218
-0.7602323481496551
-0.4753131484792892
-2.508264994933074
-1.0865448276419638
-0.8967156986741207
-2.4966486530190055
-0.792776008991261
-0.32013909685853736
-0.5195908628627564
-0.4086081045638723
-1.0888881380332274
-1.0144279956589788
0.0032449341664744225
-0.6130735022029539
-1.073338127965175
-1.8562335633353166
-1.4551724325805435
-1.5653885732964214
-0.6179434224867579
-2.6053562687061715
-1.2945088538742549
-1.4790400707946332
-1.6563367794476096
-0.13389457252216097
0.8279025434080598
0.9252359628705564
1.0623828015385737
0.8493833446869719
0.6198515154262774
-0.21779475138837068
-0.9071849852442835
-0.6825395750822318
0.257563513356474
0.8896189779312298
0.7905576028481871
-0.6820672729845842
-0.5895632517679097
0.28537304083720016
0.6458868211166235
0.8777006504421596
0.8226469125606979
0.9471126801558851
1.0918164840704616
0.7281970829973536
1.167787251939112
0.8424562685244004
0.8573004489949065
0.7763311844355076
0.8642187982900023
-0.7575981797107953
-0.030614478499563447
0.6063666014787792
0.9182222083544369
0.5065124556916683
-0.5315559035793225
-3.0034198913151573
-3.026676311719967
-1.328808875697006
-0.6668792128417165
-0.2290459028935219
0.061172340195327024
-0.3040094614545499
-0.18733857238243345
-0.4932376136060528
-0.4116767206036025
-0.5304763439624063
-0.08021513130005697
0.4029700115702841
0.2844392623832892
-0.13626480648517791
0.29615128785100264
0.6931303068641208
0.26255972406953365
0.35530532908729384
-0.7325759133208711
-0.8215431092008405
-1.5012944317778096
-2.074653207986986
-2.671144338744304
-1.1394097527067268
-1.7411698185845
-0.7419341437880478
0.11117892806855689
0.46221727367204846
0.5208976431501933
0.2955790226522632
0.29142455550686197
-0.021706139743288055
0.3379766140172338
0.6310107763525581
0.3285899394925389
-0.9218786134263883
-0.7202501582957614
-0.1828370046272667
-0.37699498028674405
-1.888282292887253
-0.9754122043815805
-0.9724939652376694
-0.6266088876164142
0.26453239082717417
0.8872620348267404
0.6808681537973227
0.40890458596730284
-0.3542458194448157
-0.6217811620334706
0.16390689230277378
0.18252904075407628
-2.294813132209915
-0.641677747305816
-0.1859866827112837
-0.6898286577554211
0.1381820787890904
0.20648359351225487
-1.2771106600848032
-1.9379386010903792
-3.1655648626775914
-2.5227804225126187
-1.0059061358718937
-0.9982310871589863
-1.4330080743032458
-0.9829252593694173
-0.6304390953013241
-0.4875812528553469
-0.6884219402137672
-0.34627459794322935
-0.962094917218498
-0.14104908445017728
-0.1297300716742278
0.10116342908725784
0.08284996365495712
-0.0011068990351867924
-0.5319671183960155
-0.45829277423635784
-0.45277159537532086
-1.5151881703066281
-0.7310661707255592
-0.6533933887082233
-0.986990044293969
-0.36120500364935904
-0.9731244754166992
-0.9390815063034132
-0.43325460953491746
0.34160082240282197
0.5878950989079925
0.614013850856999
0.41419216899330635
0.6763255262731453
0.19300685935981576
-0.2948518695850826
-0.35047907244556953
-0.40608230364913744
-0.7801923738645566
-0.13369411200051218
0.14732697055698551
0.14441758738781463
-0.5581268708919271
-0.5310228335623597
-2.599317323039382
-4.0972704857648985
-3.433527194812344
-3.424660923402088
-2.7111061448667133
