0.5253304243087769
-0.43177759647369385
-0.22625517845153809
0.4806317687034607
0.40885987877845764
-0.10325946658849716
-0.48460277915000916
0.7962238788604736
0.746834933757782
-0.25903674960136414
-0.3040463328361511
-0.004443664103746414
-0.017454078420996666
0.5409942269325256
-0.44398897886276245
-0.6886366009712219
0.5499179363250732
0.5594907402992249
-0.41274890303611755
0.26916199922561646
-0.012521939352154732
0.5130287408828735
-0.30624040961265564
0.6232329607009888
0.043816372752189636
0.20142292976379395
0.35017129778862
-0.24538518488407135
0.20139996707439423
-0.16610132157802582
-0.22776536643505096
0.028455009683966637
-0.46958011388778687
-0.08371423184871674
-0.028715087100863457
0.19451646506786346
-0.3020605444908142
-0.2327553927898407
0.6511828303337097
0.08450319617986679
0.573627769947052
0.12464337050914764
0.6517508029937744
-0.012319649569690228
-8.597970008850098e-06
0.9529839754104614
-0.2587140202522278
0.09433487057685852
0.6756073236465454
0.19239574670791626
0.37346887588500977
0.08591023832559586
-0.4594939351081848
0.36790457367897034
0.3919254541397095
0.6371077299118042
0.29037711024284363
-0.6418704390525818
0.36553165316581726
0.08618905395269394
-0.10695025324821472
0.44873324036598206
-0.2968336045742035
0.31453239917755127
-0.07387424260377884
0.3779737949371338
0.18784956634044647
-0.21153295040130615
-0.03527086600661278
0.5115388035774231
0.47023382782936096
-0.07120654731988907
0.7205069661140442
-0.7302172183990479
-0.2166404277086258
-0.2670343220233917
0.018346520140767097
0.5988061428070068
0.7062273025512695
0.6002873778343201
0.6141788363456726
0.3742477297782898
0.5025548934936523
0.7750596404075623
0.20804259181022644
0.4288296699523926
0.6932181715965271
0.6627995371818542
0.21635109186172485
0.26958388090133667
0.07453112304210663
0.3237908184528351
0.09641732275485992
0.04835924133658409
0.08088094741106033
0.3361857235431671
0.15310798585414886
0.5196413993835449
0.535201370716095
0.1591886430978775
0.9653242826461792
0.42997121810913086
0.7498935461044312
-0.33037757873535156
0.07581239938735962
-0.04110366106033325
0.033376503735780716
-0.21636627614498138
0.39529818296432495
0.7698031067848206
-0.039287712424993515
-0.016243668273091316
0.6494823694229126
0.30130407214164734
-0.3553315997123718
-0.36535006761550903
0.2555946111679077
0.361009418964386
0.3655596077442169
0.320883572101593
0.25335678458213806
0.3964550197124481
-0.16914299130439758
0.13573968410491943
0.17683643102645874
0.5386189818382263
0.3537532687187195
0.11094324290752411
0.40451598167419434
0.290521502494812
0.8276163339614868
0.165170818567276
-0.16358201205730438
0.20018324255943298
0.3110731840133667
-0.18131694197654724
0.5785256028175354
0.31817594170570374
0.7266385555267334
0.6548516750335693
0.06511001288890839
-0.0942881852388382
-0.28767019510269165
0.7667414546012878
0.4077270030975342
-1.0809999704360962
-0.4474630057811737
0.22258049249649048
0.39228346943855286
-0.10896183550357819
-1.360632300376892
-0.0033859689719974995
0.4026225209236145
-0.4296513795852661
-0.6098661422729492
-0.5831073522567749
-0.21044199168682098
0.0720766931772232
0.009707956574857235
0.08558052033185959
-0.5203825831413269
-0.5434204936027527
-0.16106204688549042
0.31632307171821594
0.38198965787887573
0.7686901688575745
0.9705721735954285
0.6348090171813965
-0.18807967007160187
0.6282898783683777
0.23559655249118805
-0.41985780000686646
-0.19123579561710358
0.31107354164123535
0.9410392642021179
0.5332350730895996
-0.036227747797966
0.7795725464820862
0.38285303115844727
0.48695066571235657
0.17359279096126556
0.5089526176452637
0.6601045727729797
0.09859592467546463
0.2697518765926361
0.15276694297790527
0.16661547124385834
0.35599109530448914
0.338631808757782
-0.06738200783729553
0.32875755429267883
0.6331980228424072
0.28233009576797485
-0.0547395758330822
0.20810946822166443
-0.16348420083522797
-0.3967212736606598
0.07620932161808014
-0.0956370085477829
0.515313446521759
-0.07769877463579178
-0.23518253862857819
0.6637650728225708
-0.05218932777643204
-0.6937853693962097
0.1463821828365326
-0.2755832374095917
0.04582030698657036
-0.3117246925830841
0.3961000144481659
-0.8858622312545776
0.9604666829109192
0.3614100217819214
-0.2906268537044525
0.6887920498847961
-0.30009886622428894
0.15011289715766907
0.2897915244102478
0.5439890027046204
0.17163877189159393
-0.026120923459529877
0.6042207479476929
-0.311471164226532
-0.7493537068367004
-0.17146100103855133
0.3177727162837982
0.3198987543582916
0.9626922011375427
0.35535794496536255
-0.6756676435470581
-0.20056971907615662
-0.440740704536438
-0.8432681560516357
-0.33268213272094727
-0.20935069024562836
0.1569850891828537
0.029032599180936813
0.20146484673023224
0.14249609410762787
0.27780386805534363
0.08671674132347107
0.955437421798706
-0.6684964895248413
-0.5924758911132812
0.09651214629411697
-0.7451019883155823
-0.07403493672609329
0.2108333855867386
-0.7330990433692932
-0.2277979701757431
0.16249580681324005
0.9394578337669373
-0.34608781337738037
0.4420876204967499
0.38750502467155457
0.3030484914779663
-0.057627856731414795
0.9530372023582458
0.11592495441436768
0.7028389573097229
0.34941935539245605
0.15632131695747375
-0.009376135654747486
0.7169193625450134
0.14680638909339905
-0.06838946044445038
-0.3343789577484131
0.0752454549074173
-0.8991827368736267
0.2549677789211273
0.279998779296875
-0.347249299287796
0.7076496481895447
0.19325481355190277
0.4040525257587433
-0.5528182983398438
0.5413126349449158
-0.7508170008659363
-0.2993916869163513
-0.6769068241119385
-1.0259010791778564
-0.22621691226959229
-0.08203469216823578
0.6620901823043823
-0.22764059901237488
-1.1509963274002075
-0.46234509348869324
0.4355078935623169
0.10226242244243622
-0.5203812718391418
0.6146200299263
0.22264637053012848
0.18767322599887848
0.07121296972036362
-0.36270833015441895
0.17179813981056213
0.4405614733695984
-0.058064378798007965
-0.13837699592113495
-0.235306978225708
0.1996658742427826
0.6553723812103271
-0.1294945627450943
-0.6516513824462891
-1.1196341514587402
-0.9372997283935547
-0.17953060567378998
-0.8729879260063171
0.30515289306640625
-1.0363999605178833
-0.2542113959789276
-0.028630578890442848
-0.4649199843406677
0.011751146987080574
-0.20308171212673187
0.3827698528766632
-0.27968424558639526
0.36371704936027527
-0.7752819061279297
0.37917688488960266
-0.053976330906152725
-0.3421207070350647
-0.3170948326587677
0.6168109178543091
0.4146707355976105
0.6237000823020935
0.0898325964808464
-0.4464593827724457
-0.5835208892822266
-0.6651260852813721
0.6250765323638916
0.11621042340993881
0.18975301086902618
0.40713611245155334
-0.23037482798099518
-0.5066405534744263
0.22230300307273865
0.3599211275577545
0.00797452125698328
0.5379133224487305
0.5716281533241272
-0.11555387824773788
0.7217090725898743
0.047942351549863815
0.1297711431980133
0.6308843493461609
0.1759723722934723
0.3762543499469757
-0.10916312783956528
0.40354546904563904
-0.4049639105796814
0.12476813793182373
0.5608152747154236
0.2586256265640259
0.08288121968507767
0.36727407574653625
0.35309651494026184
-0.622395396232605
0.1907884180545807
0.305876225233078
0.3915691375732422
0.0011978198308497667
0.07578345388174057
0.18866969645023346
-0.15981237590312958
0.23096053302288055
0.35103335976600647
-0.12365777045488358
-0.005051197949796915
-0.21861808001995087
0.4838840365409851
0.2940243184566498
0.6167443990707397
0.4569070041179657
0.6048651933670044
-0.08643582463264465
-0.40793055295944214
0.35190173983573914
-0.06202466040849686
0.33257246017456055
-0.02669951133430004
0.022959919646382332
0.16895310580730438
-0.1569177657365799
0.34758245944976807
0.10453419387340546
0.3206949234008789
-0.0006600503111258149
-0.18311958014965057
-0.2182687371969223
0.09611155837774277
-0.6082543134689331
0.5450889468193054
0.3252587616443634
0.16879872977733612
-0.16050341725349426
0.15691055357456207
0.4558466374874115
-0.02149687521159649
0.021691616624593735
-0.11756379902362823
-0.7850160598754883
0.3705902397632599
0.5872220993041992
0.384570837020874
0.08163221925497055
0.4484194815158844
0.6386052966117859
-0.2544775605201721
-0.391413152217865
-0.5092430114746094
0.05819956213235855
0.016775447875261307
0.20874860882759094
-0.20622384548187256
0.16748984158039093
-0.5148206353187561
0.041367605328559875
0.1321234256029129
-0.8025683760643005
0.37316375970840454
-0.1935744285583496
0.056307755410671234
-0.8135964870452881
-0.44134193658828735
-1.1348713636398315
-0.012397171929478645
0.42137855291366577
-0.03231637552380562
-0.4729975759983063
-1.0853134393692017
-0.9725154042243958
-1.024402379989624
-0.015029598027467728
0.11929367482662201
-0.48251402378082275
0.06537552177906036
0.6181241273880005
-0.7768188714981079
-0.037031251937150955
0.5967583060264587
-0.25653889775276184
0.1951020359992981
0.19815202057361603
0.51236492395401
-0.6701974868774414
-0.15013708174228668
0.483103483915329
0.05181180313229561
0.19155798852443695
-0.6004520058631897
0.48473644256591797
0.3035678565502167
0.3796340227127075
0.33809614181518555
-0.24003615975379944
0.9709318280220032
-0.06357277929782867
-0.08346769213676453
0.33168476819992065
-1.098488450050354
-0.715605616569519
-0.2683092951774597
-0.2590199410915375
-0.6846368908882141
-0.08274637162685394
-0.2099825143814087
0.04261128604412079
-0.201879620552063
-0.07206028699874878
-0.023745683953166008
-0.3124125599861145
-0.07268112897872925
0.1767655611038208
-0.0991022139787674
0.7671703696250916
-0.19706991314888
-0.4323224127292633
-0.26575854420661926
0.549802839756012
-0.8291576504707336
0.6439736485481262
-0.7265673875808716
-1.2942177057266235
0.2975500822067261
0.7983608841896057
-0.1147470474243164
-0.01000962220132351
-0.42970895767211914
0.3255418837070465
-0.8285419344902039
0.39217233657836914
0.17078103125095367
0.2857440710067749
0.3163253962993622
1.0569777488708496
0.29508134722709656
0.3541428744792938
0.5779324173927307
0.4071986675262451
-0.062025658786296844
-0.28920501470565796
-1.0245493650436401
0.08309116214513779
-0.054931219667196274
-0.07019908726215363
0.7209209203720093
-0.19191917777061462
0.5433475375175476
-0.13653244078159332
-0.37531501054763794
-0.060358766466379166
-0.16730374097824097
-0.009538167156279087
0.8795964121818542
0.40099722146987915
0.6798690557479858
0.041538286954164505
-0.1490640789270401
0.5908915400505066
0.04659219831228256
0.22589664161205292
0.04718143492937088
-0.848551332950592
-0.8198120594024658
-0.3663954734802246
-0.11543576419353485
0.40887752175331116
-0.18441982567310333
-0.5244945883750916
-0.3954522907733917
0.09922309219837189
0.1378777027130127
0.4127003848552704
-0.9935089349746704
-1.1304999589920044
-0.1559971570968628
-0.7185823917388916
0.28286412358283997
-0.24061840772628784
-0.49985170364379883
0.31834596395492554
-0.06210384890437126
-0.2632521986961365
0.57624351978302
-0.01720654033124447
0.6220901012420654
-0.46808740496635437
-0.25492456555366516
-0.025643812492489815
-0.46877777576446533
-0.126920685172081
-0.20788341760635376
0.15393909811973572
-0.40129125118255615
-0.656451940536499
-0.09909822046756744
-0.3113315999507904
-0.18183331191539764
-0.9024623036384583
0.237123042345047
-0.012917867861688137
-1.0015798807144165
-1.001876950263977
0.18823949992656708
0.6568729281425476
0.12472854554653168
0.5263718366622925
-0.5228074193000793
-0.04901923984289169
-0.5406922101974487
0.35834836959838867
0.07453078776597977
-0.04110432416200638
0.12831586599349976
-0.4388938248157501
0.3188726603984833
0.005708078853785992
-0.8245094418525696
-0.41897162795066833
0.43449145555496216
-0.6330143213272095
-0.3346399664878845
-1.0070929527282715
-0.8361669182777405
0.39529383182525635
0.2563175857067108
-0.5997519493103027
0.1910642385482788
-0.17307399213314056
-0.40384581685066223
-0.9990471005439758
-0.48609817028045654
-0.5090322494506836
0.030817938968539238
0.2791896164417267
-1.3162693977355957
0.4321501553058624
0.939763605594635
0.5199168920516968
0.7111015319824219
0.24422746896743774
0.21199555695056915
-0.0680278018116951
0.5660275816917419
0.270778626203537
0.3705516457557678
-0.4806416630744934
-0.29205286502838135
0.18290510773658752
0.16421426832675934
0.6449627876281738
0.36130785942077637
0.2626933753490448
-0.9360194206237793
-0.2442363202571869
-0.8716253042221069
-0.7188986539840698
-0.5537825226783752
-0.14043982326984406
-0.7367294430732727
-0.9342573881149292
-0.22665676474571228
0.027940968051552773
0.08196459710597992
-0.8316715955734253
-0.7590140700340271
-0.9231464266777039
-0.37049582600593567
-0.5762529373168945
-0.016986284404993057
0.3331776559352875
-1.0740684270858765
0.0893687978386879
-0.5834312438964844
0.03395641967654228
-0.1905527263879776
0.3583866357803345
0.4082407057285309
0.5204225778579712
-0.5048387050628662
0.12592299282550812
0.11180663108825684
0.6880956888198853
-0.5190953016281128
-1.326769232749939
0.3128455579280853
0.01361068058758974
-0.37714874744415283
-1.2358157634735107
-0.2662883996963501
-0.8527323603630066
0.5675181150436401
-0.4971315860748291
-0.03676974028348923
-0.9027762413024902
-0.7795794010162354
-1.0148265361785889
-0.7804758548736572
0.5378108620643616
-0.6581625938415527
-0.03726115822792053
-0.2242259681224823
0.18390724062919617
0.031646061688661575
-0.18517376482486725
0.3074306547641754
-0.10007839649915695
0.515885055065155
-0.1174929291009903
-0.4327522814273834
0.7232775092124939
0.5359126925468445
-0.6809577345848083
-0.23006807267665863
0.36693403124809265
0.4300044775009155
0.5765805840492249
0.8175737261772156
-0.4309141933917999
0.06337325274944305
0.2400156557559967
0.40081387758255005
0.5003363490104675
0.5785565376281738
-0.05704927071928978
0.3297949731349945
0.6809902787208557
-0.06350024789571762
0.16249015927314758
0.7360160946846008
-0.5748778581619263
-0.6572070121765137
-0.9077983498573303
0.10040821880102158
0.10787396878004074
0.07118435949087143
0.7458227872848511
0.33906203508377075
-0.3654276132583618
-0.4504314959049225
-0.4663601219654083
0.18623989820480347
0.7022939324378967
-0.613923192024231
0.11579253524541855
0.6188315153121948
-0.7026078701019287
0.3692234456539154
0.6449853777885437
-0.08687900006771088
0.6045454740524292
0.6101676225662231
-0.4805556535720825
0.1715519279241562
0.43329399824142456
0.1980971246957779
-0.11314070969820023
0.3704671263694763
0.37927937507629395
0.7442024946212769
0.6047564148902893
0.9042052030563354
0.15173420310020447
-0.3929474651813507
-0.1787923127412796
-0.44367292523384094
0.5027345418930054
-0.3547721207141876
-0.22033154964447021
0.14365459978580475
0.013806648552417755
-0.19338378310203552
0.09529973566532135
-0.010872013866901398
0.4721173048019409
0.918118953704834
0.7056723237037659
0.2744680941104889
-0.3252451419830322
-0.024433068931102753
-1.1734912395477295
0.07724738866090775
0.7701281905174255
0.7027837038040161
0.767166018486023
0.14097826182842255
-0.2211437076330185
-0.31947508454322815
0.6436246037483215
0.30304616689682007
0.04992365837097168
-0.6204869747161865
0.351692795753479
-0.6958974003791809
0.22037991881370544
-0.22793936729431152
0.10639937967061996
0.05048694089055061
0.27305540442466736
-0.18383492529392242
0.6020541191101074
0.4622364044189453
0.3910108208656311
0.8007537126541138
0.41076934337615967
-0.053978659212589264
-0.5684992074966431
0.2643339931964874
-0.6786954998970032
0.6183873414993286
0.35168081521987915
0.1831350177526474
0.7356876730918884
0.46883442997932434
-1.032958745956421
-0.06528458744287491
0.43372488021850586
0.2053070217370987
-0.1578177660703659
-0.08716879040002823
0.1572708785533905
0.5392647981643677
0.01359604112803936
-0.15884751081466675
-0.1248542070388794
0.09327584505081177
0.3213626742362976
-0.2772858738899231
-0.8675124645233154
0.1286412477493286
-1.1104552745819092
0.04121888428926468
-0.4480697214603424
-0.17569144070148468
0.6076123714447021
-0.14814811944961548
-0.7504636645317078
-0.04217632859945297
-0.27283167839050293
0.7005884647369385
-0.5554949641227722
0.9171201586723328
-0.024224791675806046
0.8310206532478333
0.2967149615287781
-0.09399573504924774
0.05994896963238716
-0.489782452583313
-0.4907035827636719
-1.1118866205215454
-0.471078485250473
0.12992386519908905
-0.7326440215110779
0.5177339315414429
0.3127237856388092
0.16598397493362427
0.06696955114603043
0.6127817630767822
0.2389063835144043
0.5311692357063293
0.7529212236404419
0.44234514236450195
-0.07853654772043228
0.07139130681753159
-0.1597970724105835
0.40883660316467285
0.5239566564559937
-0.4337156414985657
-0.06051081791520119
0.3599790036678314
0.5022953748703003
0.1868600696325302
0.2953029274940491
-0.6370845437049866
-0.4351672828197479
-0.17874208092689514
-0.1598103791475296
0.4533120393753052
0.1723674088716507
-0.10450347512960434
-0.09510300308465958
0.37044382095336914
0.16119857132434845
-0.09783457219600677
-0.574051022529602
-0.18374109268188477
-1.0523971319198608
-0.8757038712501526
0.2748839855194092
-0.4661293923854828
-1.3822264671325684
-0.7124811410903931
-0.040858782827854156
0.6699222326278687
-0.21063628792762756
0.03143877908587456
0.6336861252784729
0.2762753963470459
0.15010224282741547
-0.07804878801107407
-0.21184603869915009
0.1365528404712677
-0.10169471055269241
0.3599936366081238
0.5628618001937866
-0.5118495225906372
-0.04828128218650818
0.3812696635723114
-0.6531133055686951
-0.36839208006858826
-0.2444925159215927
0.7176287174224854
-0.13482296466827393
-0.30087390542030334
0.13210047781467438
0.013707167468965054
-0.0945543572306633
-1.1286885738372803
0.3498269319534302
0.4231635630130768
0.045794688165187836
-0.20163308084011078
0.6378077864646912
-0.8376997113227844
-0.1927250176668167
-0.34917208552360535
0.21163621544837952
0.12628032267093658
0.1728508472442627
-0.567742109298706
-0.2335156500339508
-0.0923694297671318
0.29931244254112244
0.31959131360054016
-0.17160871624946594
0.2442866861820221
0.43691858649253845
-0.6012059450149536
-0.4336239695549011
-0.21199776232242584
-0.8317787647247314
-0.16324830055236816
0.1437148153781891
-0.34788778424263
0.2578650414943695
0.243300199508667
0.005330449435859919
-0.6829508543014526
-0.536365807056427
0.017185350880026817
0.2972249984741211
-0.779069185256958
0.1159113198518753
0.37100812792778015
-1.0069315433502197
-0.5389636158943176
-0.5411262512207031
-0.20622551441192627
-0.9065748453140259
0.028738481923937798
-0.3934004604816437
-0.3398742079734802
-0.6168136596679688
0.4973289668560028
-0.15866650640964508
0.7148598432540894
-0.3861035704612732
0.11581682413816452
-0.2890830636024475
0.3981122672557831
0.007659108843654394
-0.19001740217208862
0.22258014976978302
0.20513734221458435
0.6451254487037659
0.37571001052856445
0.2888433039188385
-0.21861808001995087
-0.1558431088924408
-0.3080703318119049
0.07301893830299377
-0.4577105939388275
0.08318232744932175
0.15512122213840485
-1.070367455482483
0.6834477186203003
0.48729169368743896
0.3318677544593811
0.09727172553539276
-0.3605209290981293
0.4376083016395569
0.5871298909187317
0.030588366091251373
-0.32688260078430176
-0.5806000232696533
-0.07606648653745651
0.5725151300430298
0.03763023763895035
0.2764720320701599
0.6082379221916199
0.25801143050193787
0.5051410794258118
-1.0130095481872559
-0.9401564002037048
-0.3906024992465973
0.025807611644268036
-0.2763599455356598
-0.38485872745513916
0.8194369077682495
-0.6290401816368103
0.11865220963954926
0.5237846374511719
-0.16386215388774872
0.33427128195762634
-0.44896355271339417
-0.09997325390577316
-0.1558367908000946
-0.4262996315956116
-0.4112872779369354
0.17380839586257935
0.6273449659347534
0.03972034156322479
-0.1436784565448761
0.025495193898677826
0.5565242767333984
0.15953698754310608
0.2644391357898712
-0.8514512181282043
-0.7340274453163147
0.8334022164344788
-0.3459632098674774
0.6729329824447632
-0.46908652782440186
0.04046129435300827
0.5173439979553223
0.1843244582414627
0.5033224821090698
0.8162575364112854
0.4368230998516083
0.031652048230171204
0.2550143599510193
0.6604079604148865
-0.22786884009838104
0.8181699514389038
0.6908193230628967
-0.4713616371154785
0.499847948551178
-0.4473307728767395
-0.23495729267597198
-0.20322377979755402
0.2636948525905609
0.15131132304668427
0.42573609948158264
0.018688548356294632
0.8610153794288635
0.6500572562217712
-0.17563952505588531
0.12686389684677124
-0.4256358742713928
0.42647606134414673
-0.2994121313095093
0.28549954295158386
0.5329199433326721
0.7216604948043823
-0.10743334889411926
0.342639684677124
-0.05397100746631622
-1.0895291566848755
-0.9472870826721191
-0.21302983164787292
-0.5539801120758057
0.49145692586898804
0.1700400859117508
0.6642475128173828
-0.4713614583015442
-0.46510329842567444
0.2026742547750473
-0.9444352388381958
0.43170031905174255
-0.30066847801208496
0.001071056118234992
0.2636862099170685
0.31425660848617554
0.1029178723692894
-1.0130335092544556
0.18136698007583618
0.09349144250154495
-0.46700626611709595
0.1186242625117302
0.14287705719470978
0.023331893607974052
-0.49858105182647705
-0.7023468613624573
0.12658043205738068
-0.5869967341423035
0.10036928951740265
0.2634040415287018
0.09827852249145508
-0.09415044635534286
0.7611142992973328
0.408913791179657
0.16000013053417206
0.14155983924865723
-0.7928993701934814
0.4040881097316742
0.7168647646903992
-0.43844249844551086
-0.47599565982818604
-0.7006059288978577
0.19979096949100494
-0.18622680008411407
-0.8304572105407715
-0.49201712012290955
0.3384435176849365
0.1597060114145279
0.34750327467918396
-0.4076956510543823
0.324724406003952
-0.0980435162782669
-0.20700107514858246
0.31130242347717285
-0.6753214597702026
-0.5037442445755005
-0.09357351809740067
0.2480812817811966
0.10397490113973618
0.1495133489370346
0.21158897876739502
0.5660265684127808
-0.9763292670249939
0.05534188821911812
-0.9889998435974121
0.2585737109184265
-0.3288031816482544
-0.027224864810705185
-0.1351001113653183
-0.7722923159599304
-0.41840851306915283
0.07034692168235779
0.41890883445739746
0.11519132554531097
0.0533619150519371
-0.0034095915034413338
0.2351330816745758
-0.8630437850952148
-0.4143954813480377
-0.1553543508052826
0.22588033974170685
0.7565837502479553
0.0422309972345829
0.21090857684612274
0.0805928185582161
-0.5659043788909912
0.27010056376457214
0.08332805335521698
-1.025176763534546
-0.15991684794425964
-0.021284937858581543
-0.83676677942276
0.3118068277835846
-0.8823162317276001
0.8165416717529297
0.7317107915878296
0.22274884581565857
-0.5744677782058716
-0.3323895037174225
0.05153931304812431
-0.025115463882684708
0.3567357361316681
-0.9761110544204712
0.5436396598815918
0.07440169155597687
0.07754550129175186
0.410256952047348
0.2497578263282776
0.05137861147522926
0.17818757891654968
0.736156165599823
-0.2587692439556122
0.5480334758758545
0.10064111649990082
0.43258267641067505
-0.927830696105957
0.3050181567668915
-0.10670004785060883
0.7332183122634888
0.08835102617740631
0.39040660858154297
0.3639173209667206
0.6597132682800293
-0.48982688784599304
-0.5974883437156677
-0.32984092831611633
-0.07773005217313766
0.1704523116350174
0.5123266577720642
-0.04964740201830864
-0.07192453742027283
0.2165633738040924
0.2895306944847107
-0.08434572070837021
0.37752631306648254
-0.4451022446155548
0.631180465221405
0.3602295517921448
0.4116533398628235
0.8052932620048523
-0.803020179271698
-0.009515210054814816
-0.8294071555137634
0.6990786194801331
0.4715699851512909
-0.4851341247558594
-0.5024819374084473
0.6384908556938171
-0.6956302523612976
-0.2323341816663742
0.5322056412696838
-0.5410986542701721
-0.10786321759223938
0.3725971579551697
-0.055612947791814804
0.23906075954437256
0.23943406343460083
0.11854274570941925
0.5760379433631897
-0.050423286855220795
-0.7418447136878967
-0.005544278770685196
-0.2887739837169647
-0.5421410202980042
-0.5420169234275818
-0.6604562997817993
-0.7580782771110535
-0.7844632863998413
-0.1701650768518448
-0.48706701397895813
0.8212957978248596
-0.552562415599823
-0.5318290591239929
-0.33022403717041016
-0.4644392132759094
-0.4468855857849121
0.11263009905815125
-0.45420095324516296
-0.4781160354614258
-0.4144096374511719
-0.20950905978679657
0.08323090523481369
0.007276821415871382
0.06349169462919235
-0.04417560249567032
-0.1700153648853302
0.7283726930618286
0.1233803927898407
0.9311742782592773
-0.03929503262042999
-0.17252933979034424
-0.04804139584302902
-0.1282285898923874
-0.2154696136713028
-0.379283607006073
0.0712033212184906
0.6649448871612549
0.004278743639588356
0.15130233764648438
0.29940328001976013
-0.35641422867774963
-0.007394496817141771
0.0425996407866478
-0.4966493248939514
-0.1926288604736328
0.0701669231057167
0.4585569202899933
-0.13816572725772858
0.4136582911014557
-0.25547105073928833
-0.2167106419801712
0.08171872049570084
-0.22211289405822754
-0.588617742061615
0.3245108127593994
-0.151897132396698
0.12999273836612701
-0.933181881904602
-0.30384305119514465
0.4276944398880005
-0.4991731345653534
-1.1248657703399658
-0.4632262885570526
0.13491389155387878
0.30877813696861267
0.32532262802124023
0.6780414581298828
0.06047332286834717
-0.2684899568557739
-0.3297840356826782
-0.8016778230667114
0.3012867569923401
-0.12498696148395538
0.5319414734840393
0.29129740595817566
-0.803257405757904
0.1531921625137329
0.3622744083404541
0.36454614996910095
-0.7496026158332825
0.3854222595691681
-0.11683948338031769
-0.25782233476638794
-0.1244632676243782
-0.4974510073661804
0.39826130867004395
0.3243008852005005
0.6653341054916382
-0.009935426525771618
-0.31272417306900024
0.4767453372478485
0.4406003952026367
-0.29883837699890137
-0.02459110878407955
-0.49573802947998047
-0.6675552725791931
0.040023110806941986
-0.3271494209766388
0.034629832953214645
0.8228881359100342
-0.31445759534835815
-0.7713813185691833
-0.682767391204834
-1.105028748512268
-0.24209298193454742
-0.1465497612953186
-0.7376282215118408
-0.04913768544793129
-0.4034513831138611
-0.3043685555458069
-0.6554161906242371
-0.4355470538139343
-0.12357426434755325
-0.5964080095291138
-0.9345651268959045
-0.61919105052948
0.2454315572977066
-0.8782058358192444
-0.8536064028739929
-0.5438401699066162
-0.13317735493183136
0.07748395204544067
0.2631092667579651
-0.42142587900161743
-0.14968924224376678
-0.2841532528400421
-0.3840542137622833
-0.0720280110836029
-0.09077706187963486
-0.6869098544120789
-0.5142297148704529
-0.7350956201553345
-0.6565996408462524
-0.011917732656002045
-0.3680533766746521
-0.5154313445091248
-0.22055047750473022
-0.655223548412323
-0.22492066025733948
-0.32614997029304504
-0.8966884016990662
-0.745886504650116
-0.18130064010620117
-0.22370825707912445
-0.6841163635253906
-0.26243624091148376
-1.3874292373657227
-0.35887598991394043
-0.8709794878959656
0.4294571578502655
-0.4904247522354126
-0.9729524254798889
-0.2662394642829895
0.09265799820423126
-0.3367665112018585
-0.06173320487141609
-0.26089176535606384
-0.01950359158217907
-0.8101733326911926
-0.7825421690940857
-0.2699783444404602
-0.06793397665023804
-0.21511660516262054
-0.552751898765564
-0.1623942255973816
-0.2352118194103241
-0.6967290043830872
0.10351276397705078
-0.2963651418685913
-0.9986089468002319
-0.3307758569717407
-0.6080970764160156
0.19084863364696503
-0.8240521550178528
-0.3477054536342621
-1.1133004426956177
-0.17270268499851227
-0.36666762828826904
-0.1281207799911499
-0.21178048849105835
-0.0671231597661972
-0.4430687129497528
-0.41430798172950745
-0.7632494568824768
-0.5591524839401245
-0.25647568702697754
-0.7797903418540955
-0.17348621785640717
-1.1606199741363525
-0.7631200551986694
0.1531602144241333
0.3394835591316223
-0.8358780741691589
-0.9021821618080139
0.3617111146450043
-0.8540099859237671
-1.2823511362075806
-0.26086631417274475
-0.8068342208862305
-0.071299709379673
0.23896893858909607
0.2835601568222046
0.2072853296995163
-1.0683597326278687
-1.0783300399780273
-0.6075208187103271
-0.3909631669521332
-0.7545067667961121
-0.3052000105381012
-0.4391396939754486
-0.0862867683172226
-0.6758956909179688
-0.9740012884140015
-0.6358084082603455
-0.0945294052362442
-0.4420183300971985
-0.7323716878890991
0.40184828639030457
0.5876602530479431
-0.45169711112976074
-0.16854077577590942
0.18368466198444366
-0.04948902875185013
-0.508879542350769
-0.39628109335899353
-0.3663274347782135
-0.38405323028564453
-0.4361855387687683
-0.2182936817407608
-0.7470952868461609
-0.6181681156158447
0.1030246689915657
-0.4871711730957031
-0.7914725542068481
-0.507813036441803
0.623325765132904
-0.5196466445922852
-0.7462641596794128
-0.41347452998161316
-1.1456197500228882
-0.0960189625620842
-0.21891652047634125
0.029556622728705406
-0.855726420879364
-0.5302383899688721
-0.6513417959213257
-0.58807772397995
-1.031463861465454
-0.5226999521255493
-0.006803265307098627
-0.9866992831230164
0.18500186502933502
0.10870308429002762
0.3134011924266815
-0.6741985082626343
-0.2508842647075653
-1.2332314252853394
0.2922592759132385
-0.8719443678855896
0.04043833911418915
0.17288245260715485
-0.8296593427658081
0.26580092310905457
-0.5407419800758362
-0.12689706683158875
-0.13953717052936554
-0.10978962481021881
0.28755801916122437
-0.44523167610168457
-0.3042072057723999
-0.6403589248657227
-0.40776699781417847
-0.08494792878627777
-0.7550161480903625
0.4716152548789978
0.1725560575723648
-0.7315034866333008
-0.3848370909690857
0.44656461477279663
-0.09811072796583176
0.05094209313392639
-1.1133930683135986
0.08115477114915848
0.035395070910453796
0.1483781337738037
-0.0098908431828022
0.3276669383049011
-0.5210844278335571
-0.061165597289800644
0.017579615116119385
0.7053053379058838
-0.6004932522773743
0.1859770566225052
-0.8002678155899048
-0.8011263608932495
-0.8420323133468628
-0.15969626605510712
-0.483354777097702
-0.1141398474574089
-0.1173904538154602
-0.45243656635284424
0.17491135001182556
0.10464764386415482
0.09774751216173172
0.2774255871772766
-0.8098080158233643
-0.9367174506187439
-0.030176695436239243
-0.3200288712978363
0.27686697244644165
-0.2754514813423157
-0.39033934473991394
-0.4381691813468933
0.14769373834133148
0.24690547585487366
-0.9464300274848938
-0.146049365401268
0.23809723556041718
-0.10085061937570572
-0.03860132396221161
-0.3895381689071655
-0.03843430429697037
-0.43346327543258667
0.03721601143479347
-0.0232120119035244
-0.42418190836906433
0.7226300239562988
-0.46029043197631836
0.18749788403511047
-0.037623148411512375
0.08291748911142349
0.4283139705657959
-0.44302278757095337
0.28511956334114075
-0.51161789894104
-0.5481448173522949
-0.6581804156303406
0.6576584577560425
0.25083714723587036
0.09034065157175064
-0.29019832611083984
0.1771055907011032
0.1607440710067749
0.17754510045051575
-0.18890047073364258
0.4354230463504791
0.5365748405456543
-0.10545304417610168
0.08659064024686813
-0.15269631147384644
-0.014648973941802979
-0.6147689819335938
-0.1510869711637497
-0.06854318082332611
-0.3838755488395691
-0.10452044755220413
-0.7718461155891418
-0.21266351640224457
-0.1582522839307785
0.4285518527030945
0.4163176417350769
-0.36751338839530945
-0.41166841983795166
-0.37381330132484436
-0.40306195616722107
0.1509959101676941
-0.09365536272525787
-0.08820652216672897
-0.8643290400505066
-0.8119670152664185
-0.2138127088546753
0.6615757942199707
-0.8534184098243713
-0.08624251931905746
-0.48038432002067566
-0.5037046670913696
0.07422236353158951
0.2835405170917511
-0.624226987361908
-0.39677882194519043
0.6070820689201355
0.19675728678703308
-0.07540372014045715
-0.09960494190454483
-0.7918322086334229
0.00022064137738198042
-0.4876246452331543
-1.0085713863372803
-0.20643146336078644
-1.08038330078125
-0.7201902270317078
-0.18771368265151978
0.22600775957107544
-0.5658203959465027
0.5128393769264221
-0.7683323621749878
0.21668779850006104
-0.2974115312099457
0.3134554326534271
-0.17478878796100616
-0.10087057948112488
0.9296817183494568
0.2561762034893036
-0.6502016186714172
0.11133052408695221
-0.2931517958641052
-0.5052604675292969
-0.4926840662956238
0.2202485054731369
-0.01778612658381462
-0.4464988112449646
-0.8288325667381287
0.20565371215343475
-0.17530515789985657
-0.5725969076156616
0.1996462345123291
-0.10800129175186157
0.3249064087867737
-0.4061363935470581
-1.4227927923202515
-0.1926288604736328
-0.44388484954833984
-1.1977207660675049
-0.4388485848903656
0.3971773386001587
-0.34630855917930603
-0.1460769772529602
0.407924622297287
0.14966672658920288
-0.1851358264684677
0.18887731432914734
-0.12989448010921478
0.28869158029556274
0.2759493291378021
-0.16501401364803314
0.38758689165115356
0.2331760674715042
0.35732129216194153
0.5420895218849182
0.4650830924510956
0.38313186168670654
-0.3661414384841919
0.6687471270561218
0.20797105133533478
0.19180186092853546
0.34255051612854004
0.6604342460632324
0.47125059366226196
0.07234452664852142
0.13398794829845428
-0.04965505376458168
0.3967534601688385
0.33018189668655396
0.0774383693933487
0.9127486348152161
0.5219630599021912
0.5064423084259033
0.4869263768196106
-0.5540285110473633
0.18778634071350098
0.3096102476119995
0.7454385161399841
-0.8386768698692322
-0.6173631548881531
-0.7848673462867737
-0.7641075253486633
-0.22733882069587708
-0.5424805879592896
0.05564665421843529
-0.038053013384342194
0.064625583589077
-0.012491329573094845
0.8872811198234558
0.09104866534471512
-0.24957670271396637
-0.20680876076221466
0.6008912324905396
-0.5622293949127197
0.3476580083370209
0.4842749834060669
-0.4233286678791046
0.1038634404540062
0.37724316120147705
0.3684339225292206
-0.5008469820022583
-0.290390282869339
0.46537888050079346
0.16678547859191895
-0.4228314161300659
0.2702533006668091
0.2781219482421875
0.024924591183662415
0.2909117639064789
0.39769870042800903
0.9617958664894104
0.004985426086932421
0.2011857032775879
0.48598045110702515
-0.39355915784835815
0.06473039090633392
0.86473548412323
0.628735363483429
0.6236914396286011
-0.017375225201249123
0.025629276409745216
0.34376925230026245
0.5220915079116821
-0.023368719965219498
-0.04812058061361313
-0.6953684091567993
-0.33284980058670044
-0.1384405493736267
-0.5114977955818176
-0.5414371490478516
0.3009733557701111
0.6234012842178345
0.25929638743400574
-0.2383030503988266
-0.9773665070533752
-0.014520213939249516
0.5643620491027832
0.45694127678871155
0.07342518121004105
0.11929401010274887
0.4253102242946625
-0.8449363708496094
-0.4736478626728058
-0.9224294424057007
-1.0805610418319702
0.34679195284843445
-0.3848399221897125
-0.30604246258735657
-0.2850121557712555
-0.1661362498998642
-0.0447625070810318
-0.17894835770130157
-0.747974157333374
-0.2801956236362457
0.04674791172146797
-0.5422561168670654
-0.062020670622587204
-0.8041802048683167
-0.8187886476516724
-0.11181451380252838
0.0025539586786180735
0.18776604533195496
-0.12623995542526245
0.30564531683921814
-0.014054748229682446
0.425810307264328
-0.2062278389930725
0.30356186628341675
0.5921688675880432
0.5006218552589417
0.7216651439666748
0.22598746418952942
0.359905481338501
0.0669412687420845
0.3971746861934662
0.604257345199585
0.058572202920913696
-0.25297635793685913
0.7419001460075378
0.35497134923934937
-0.28872373700141907
-0.20764586329460144
0.8391618132591248
0.2084009200334549
-0.206159308552742
-0.27144527435302734
-0.7251059412956238
-0.281294584274292
-0.6357079148292542
-0.4993138611316681
-0.6421226263046265
-0.07409050315618515
-0.5189326405525208
-0.2068759649991989
0.8394160270690918
-1.1069694757461548
-0.8101703524589539
-0.252878874540329
-0.605803370475769
-0.2666485607624054
-0.41773709654808044
-0.16576194763183594
-0.4194081425666809
-0.23979860544204712
-0.8035204410552979
-0.09686671197414398
-0.4288384020328522
-0.6172643303871155
-0.8126192688941956
-0.3445659577846527
-0.8347877860069275
-1.2178412675857544
-0.015056547708809376
-0.46699145436286926
-0.17260485887527466
0.6340072154998779
0.05142519250512123
0.5922520160675049
0.28597497940063477
-0.08839084953069687
-0.1695968061685562
-0.6671686172485352
-0.17424313724040985
-0.034109365195035934
-0.03897063806653023
-0.3458593785762787
-0.6998708248138428
-0.5227376818656921
0.3412705659866333
-0.7212921977043152
0.06059775874018669
-0.27353453636169434
0.10382351279258728
0.049615565687417984
0.6480363607406616
-0.01669183373451233
-0.21176952123641968
0.5761370658874512
0.7827267050743103
0.22972317039966583
0.5769864916801453
-0.7082308530807495
0.45624321699142456
-0.06765549629926682
-1.1247256994247437
-0.4215176999568939
-0.49876123666763306
-0.4337109923362732
0.5844136476516724
-1.1289207935333252
-0.35186222195625305
-0.5363883972167969
0.1828146129846573
-0.8369402885437012
-0.10495530068874359
-0.3848488926887512
-0.4385256767272949
-0.58636075258255
0.6544597148895264
-0.2117675244808197
0.8340140581130981
-0.1089794710278511
-0.1412895768880844
0.8665557503700256
-0.4165059030056
-0.9072530269622803
-0.24103163182735443
-0.0007172769401222467
-1.0426892042160034
-0.4502592980861664
0.07253550738096237
-0.7815174460411072
0.7388953566551208
0.5445932149887085
0.6728211641311646
0.38890108466148376
0.4163941740989685
-0.18546853959560394
-0.9385891556739807
0.11764508485794067
0.3028329014778137
0.43481385707855225
-0.35417258739471436
-0.7544881701469421
-0.18407779932022095
0.556130051612854
-1.0205974578857422
-0.8440725207328796
0.06557514518499374
0.26823505759239197
-0.4626016318798065
0.9440566301345825
0.33029934763908386
0.16287244856357574
-0.28512510657310486
-0.3792406916618347
0.11591630429029465
0.0035644082818180323
0.20839959383010864
-0.45896774530410767
0.219932422041893
-0.38763371109962463
0.3431560695171356
-0.582076907157898
-0.7628597021102905
-0.004398747812956572
-0.49994733929634094
-0.34554532170295715
-0.04707985371351242
-0.23440665006637573
-0.38887473940849304
-0.680885374546051
-0.5227107405662537
-0.1564573049545288
0.37074393033981323
-0.09051887691020966
0.21361619234085083
0.09300035983324051
-0.8167762160301208
-0.8698193430900574
0.10920748114585876
0.35683053731918335
-0.13636641204357147
-0.20134727656841278
-0.8256822824478149
-0.5445215702056885
-0.33809319138526917
-0.8343356251716614
-0.19583654403686523
0.09989683330059052
-0.22786884009838104
-0.6685114502906799
0.18794770538806915
0.015547404065728188
-0.5544620752334595
-0.2570134997367859
0.015108554624021053
0.28718140721321106
-0.5767524838447571
0.17378710210323334
-0.11945560574531555
0.1998019516468048
-0.19484905898571014
0.41216805577278137
0.4098101258277893
-0.4476521611213684
-0.5191505551338196
-0.3552592098712921
-0.6010024547576904
-1.001235008239746
-0.7509560585021973
-0.4542367160320282
-0.6606171727180481
